wavelength(nm)	 AOI		 alpha	 beta
350.397168	 65.000000	 -0.4948	 -0.7984
351.986475	 65.000000	 -0.4905	 -0.8024
353.575781	 65.000000	 -0.4881	 -0.8056
355.165088	 65.000000	 -0.4864	 -0.8078
356.75437	 65.000000	 -0.4837	 -0.8122
358.343628	 65.000000	 -0.4784	 -0.8180
359.932886	 65.000000	 -0.4734	 -0.8237
361.522144	 65.000000	 -0.4710	 -0.8289
363.111377	 65.000000	 -0.4691	 -0.8349
364.70061	 65.000000	 -0.4658	 -0.8420
366.289819	 65.000000	 -0.4683	 -0.8456
367.879028	 65.000000	 -0.4706	 -0.8489
369.468213	 65.000000	 -0.4768	 -0.8499
371.057397	 65.000000	 -0.4820	 -0.8515
372.646582	 65.000000	 -0.4898	 -0.8501
374.235718	 65.000000	 -0.4977	 -0.8481
375.824878	 65.000000	 -0.5075	 -0.8453
377.414014	 65.000000	 -0.5167	 -0.8415
379.003125	 65.000000	 -0.5250	 -0.8380
380.592236	 65.000000	 -0.5350	 -0.8330
382.181323	 65.000000	 -0.5450	 -0.8277
383.77041	 65.000000	 -0.5513	 -0.8244
385.359473	 65.000000	 -0.5604	 -0.8194
386.948535	 65.000000	 -0.5684	 -0.8143
388.537573	 65.000000	 -0.5767	 -0.8091
390.126587	 65.000000	 -0.5852	 -0.8036
391.715601	 65.000000	 -0.5908	 -0.8000
393.30459	 65.000000	 -0.5953	 -0.7968
394.893579	 65.000000	 -0.6033	 -0.7911
396.482544	 65.000000	 -0.6074	 -0.7885
398.071484	 65.000000	 -0.6136	 -0.7838
399.660425	 65.000000	 -0.6189	 -0.7799
401.249341	 65.000000	 -0.6235	 -0.7764
402.838232	 65.000000	 -0.6290	 -0.7720
404.4271	 65.000000	 -0.6332	 -0.7688
406.015967	 65.000000	 -0.6368	 -0.7659
407.60481	 65.000000	 -0.6423	 -0.7616
409.193652	 65.000000	 -0.6467	 -0.7581
410.782471	 65.000000	 -0.6497	 -0.7555
412.37124	 65.000000	 -0.6537	 -0.7519
413.96001	 65.000000	 -0.6551	 -0.7510
415.548779	 65.000000	 -0.6575	 -0.7492
417.1375	 65.000000	 -0.6627	 -0.7446
418.726221	 65.000000	 -0.6662	 -0.7417
420.314893	 65.000000	 -0.6688	 -0.7393
421.903564	 65.000000	 -0.6711	 -0.7374
423.492236	 65.000000	 -0.6742	 -0.7347
425.080859	 65.000000	 -0.6770	 -0.7320
426.669482	 65.000000	 -0.6801	 -0.7294
428.258057	 65.000000	 -0.6824	 -0.7273
429.846582	 65.000000	 -0.6854	 -0.7249
431.435156	 65.000000	 -0.6888	 -0.7214
433.023633	 65.000000	 -0.6894	 -0.7211
434.612158	 65.000000	 -0.6904	 -0.7203
436.200586	 65.000000	 -0.6929	 -0.7180
437.789063	 65.000000	 -0.6965	 -0.7143
439.377441	 65.000000	 -0.7004	 -0.7108
440.965869	 65.000000	 -0.7036	 -0.7076
442.554199	 65.000000	 -0.7058	 -0.7055
444.142529	 65.000000	 -0.7079	 -0.7035
445.730859	 65.000000	 -0.7093	 -0.7020
447.319141	 65.000000	 -0.7106	 -0.7009
448.907373	 65.000000	 -0.7131	 -0.6984
450.495605	 65.000000	 -0.7149	 -0.6965
452.083789	 65.000000	 -0.7174	 -0.6942
453.671973	 65.000000	 -0.7198	 -0.6915
455.260107	 65.000000	 -0.7223	 -0.6890
456.848193	 65.000000	 -0.7229	 -0.6885
458.436279	 65.000000	 -0.7250	 -0.6862
460.024316	 65.000000	 -0.7276	 -0.6836
461.612305	 65.000000	 -0.7283	 -0.6829
463.200293	 65.000000	 -0.7309	 -0.6802
464.788232	 65.000000	 -0.7314	 -0.6797
466.376172	 65.000000	 -0.7317	 -0.6794
467.964014	 65.000000	 -0.7349	 -0.6760
469.551855	 65.000000	 -0.7362	 -0.6746
471.139697	 65.000000	 -0.7377	 -0.6731
472.727441	 65.000000	 -0.7408	 -0.6696
474.315186	 65.000000	 -0.7416	 -0.6687
475.902881	 65.000000	 -0.7424	 -0.6679
477.490527	 65.000000	 -0.7423	 -0.6679
479.078174	 65.000000	 -0.7464	 -0.6633
480.665771	 65.000000	 -0.7475	 -0.6622
482.25332	 65.000000	 -0.7481	 -0.6616
483.84082	 65.000000	 -0.7492	 -0.6603
485.428271	 65.000000	 -0.7511	 -0.6583
487.015723	 65.000000	 -0.7518	 -0.6575
488.603125	 65.000000	 -0.7539	 -0.6550
490.19043	 65.000000	 -0.7562	 -0.6525
491.777734	 65.000000	 -0.7558	 -0.6530
493.36499	 65.000000	 -0.7565	 -0.6522
494.952246	 65.000000	 -0.7585	 -0.6499
496.539404	 65.000000	 -0.7602	 -0.6479
498.126514	 65.000000	 -0.7615	 -0.6463
499.713623	 65.000000	 -0.7615	 -0.6463
501.300684	 65.000000	 -0.7622	 -0.6456
502.887646	 65.000000	 -0.7634	 -0.6441
504.474609	 65.000000	 -0.7644	 -0.6431
506.061523	 65.000000	 -0.7652	 -0.6421
507.64834	 65.000000	 -0.7660	 -0.6411
509.235156	 65.000000	 -0.7668	 -0.6402
510.821924	 65.000000	 -0.7674	 -0.6396
512.408643	 65.000000	 -0.7694	 -0.6372
513.995264	 65.000000	 -0.7693	 -0.6372
515.581885	 65.000000	 -0.7721	 -0.6338
517.168457	 65.000000	 -0.7732	 -0.6325
518.754932	 65.000000	 -0.7733	 -0.6326
520.341406	 65.000000	 -0.7730	 -0.6328
521.927783	 65.000000	 -0.7744	 -0.6311
523.51416	 65.000000	 -0.7760	 -0.6292
525.100439	 65.000000	 -0.7758	 -0.6295
526.68667	 65.000000	 -0.7763	 -0.6288
528.272852	 65.000000	 -0.7781	 -0.6267
529.858984	 65.000000	 -0.7779	 -0.6269
531.445068	 65.000000	 -0.7804	 -0.6237
533.031055	 65.000000	 -0.7813	 -0.6227
534.616992	 65.000000	 -0.7818	 -0.6220
536.202881	 65.000000	 -0.7831	 -0.6205
537.788721	 65.000000	 -0.7834	 -0.6202
539.374512	 65.000000	 -0.7849	 -0.6182
540.960254	 65.000000	 -0.7847	 -0.6185
542.545898	 65.000000	 -0.7850	 -0.6180
544.131494	 65.000000	 -0.7866	 -0.6160
545.716992	 65.000000	 -0.7862	 -0.6166
547.30249	 65.000000	 -0.7881	 -0.6142
548.887891	 65.000000	 -0.7879	 -0.6144
550.473242	 65.000000	 -0.7877	 -0.6148
552.058496	 65.000000	 -0.7886	 -0.6135
553.643701	 65.000000	 -0.7906	 -0.6110
555.228857	 65.000000	 -0.7912	 -0.6104
556.813965	 65.000000	 -0.7916	 -0.6097
558.398975	 65.000000	 -0.7921	 -0.6091
559.983936	 65.000000	 -0.7931	 -0.6078
561.568799	 65.000000	 -0.7925	 -0.6086
563.153613	 65.000000	 -0.7950	 -0.6054
564.73833	 65.000000	 -0.7952	 -0.6052
566.322998	 65.000000	 -0.7949	 -0.6054
567.907617	 65.000000	 -0.7954	 -0.6048
569.492139	 65.000000	 -0.7951	 -0.6053
571.076611	 65.000000	 -0.7968	 -0.6030
572.660986	 65.000000	 -0.7972	 -0.6025
574.245313	 65.000000	 -0.7975	 -0.6022
575.829541	 65.000000	 -0.7971	 -0.6026
577.413672	 65.000000	 -0.7972	 -0.6025
578.997803	 65.000000	 -0.7974	 -0.6023
580.581787	 65.000000	 -0.8010	 -0.5975
582.165723	 65.000000	 -0.8009	 -0.5977
583.749609	 65.000000	 -0.8008	 -0.5979
585.333398	 65.000000	 -0.8020	 -0.5963
586.91709	 65.000000	 -0.8020	 -0.5963
588.500684	 65.000000	 -0.8024	 -0.5957
590.084229	 65.000000	 -0.8029	 -0.5950
591.667725	 65.000000	 -0.8056	 -0.5914
593.251123	 65.000000	 -0.8056	 -0.5914
594.834424	 65.000000	 -0.8030	 -0.5949
596.417627	 65.000000	 -0.8051	 -0.5921
598.000781	 65.000000	 -0.8032	 -0.5947
599.583838	 65.000000	 -0.8076	 -0.5886
601.166797	 65.000000	 -0.8073	 -0.5889
602.749707	 65.000000	 -0.8067	 -0.5899
604.33252	 65.000000	 -0.8092	 -0.5865
605.915234	 65.000000	 -0.8072	 -0.5893
607.497852	 65.000000	 -0.8069	 -0.5897
609.08042	 65.000000	 -0.8084	 -0.5876
610.662891	 65.000000	 -0.8079	 -0.5883
612.245264	 65.000000	 -0.8096	 -0.5861
613.827539	 65.000000	 -0.8110	 -0.5841
615.409717	 65.000000	 -0.8092	 -0.5866
616.991846	 65.000000	 -0.8099	 -0.5856
618.573877	 65.000000	 -0.8113	 -0.5837
620.155762	 65.000000	 -0.8114	 -0.5836
621.737598	 65.000000	 -0.8103	 -0.5852
623.319385	 65.000000	 -0.8129	 -0.5814
624.901025	 65.000000	 -0.8121	 -0.5825
626.482568	 65.000000	 -0.8124	 -0.5822
628.064063	 65.000000	 -0.8127	 -0.5818
629.64541	 65.000000	 -0.8126	 -0.5819
631.226709	 65.000000	 -0.8123	 -0.5823
632.807861	 65.000000	 -0.8146	 -0.5791
634.388965	 65.000000	 -0.8154	 -0.5780
635.969971	 65.000000	 -0.8148	 -0.5789
637.55083	 65.000000	 -0.8143	 -0.5796
639.131641	 65.000000	 -0.8151	 -0.5784
640.712354	 65.000000	 -0.8148	 -0.5788
642.29292	 65.000000	 -0.8148	 -0.5789
643.873438	 65.000000	 -0.8192	 -0.5726
645.453857	 65.000000	 -0.8189	 -0.5731
647.034131	 65.000000	 -0.8168	 -0.5761
648.614355	 65.000000	 -0.8174	 -0.5752
650.194434	 65.000000	 -0.8154	 -0.5781
651.774414	 65.000000	 -0.8190	 -0.5729
653.354346	 65.000000	 -0.8190	 -0.5729
654.934131	 65.000000	 -0.8181	 -0.5743
656.513818	 65.000000	 -0.8175	 -0.5751
658.093408	 65.000000	 -0.8200	 -0.5715
659.6729	 65.000000	 -0.8193	 -0.5727
661.252246	 65.000000	 -0.8208	 -0.5705
662.831543	 65.000000	 -0.8201	 -0.5714
664.410693	 65.000000	 -0.8191	 -0.5729
665.989746	 65.000000	 -0.8192	 -0.5727
667.568701	 65.000000	 -0.8212	 -0.5699
669.147559	 65.000000	 -0.8242	 -0.5655
670.72627	 65.000000	 -0.8224	 -0.5681
672.304883	 65.000000	 -0.8223	 -0.5682
673.883447	 65.000000	 -0.8212	 -0.5699
675.461816	 65.000000	 -0.8203	 -0.5713
677.040137	 65.000000	 -0.8242	 -0.5656
678.618311	 65.000000	 -0.8227	 -0.5678
680.196387	 65.000000	 -0.8217	 -0.5693
681.774365	 65.000000	 -0.8251	 -0.5643
683.352246	 65.000000	 -0.8252	 -0.5640
684.92998	 65.000000	 -0.8259	 -0.5630
686.507617	 65.000000	 -0.8234	 -0.5668
688.085107	 65.000000	 -0.8249	 -0.5647
689.662549	 65.000000	 -0.8272	 -0.5612
691.239795	 65.000000	 -0.8259	 -0.5632
692.816992	 65.000000	 -0.8278	 -0.5604
694.394043	 65.000000	 -0.8257	 -0.5634
695.970996	 65.000000	 -0.8254	 -0.5639
697.547852	 65.000000	 -0.8263	 -0.5626
699.124561	 65.000000	 -0.8268	 -0.5618
700.701172	 65.000000	 -0.8262	 -0.5629
702.277637	 65.000000	 -0.8293	 -0.5582
703.854004	 65.000000	 -0.8277	 -0.5605
705.430225	 65.000000	 -0.8281	 -0.5600
707.006396	 65.000000	 -0.8273	 -0.5612
708.582373	 65.000000	 -0.8284	 -0.5595
710.158301	 65.000000	 -0.8311	 -0.5555
711.734033	 65.000000	 -0.8282	 -0.5598
713.309717	 65.000000	 -0.8270	 -0.5617
714.885254	 65.000000	 -0.8307	 -0.5560
716.460645	 65.000000	 -0.8290	 -0.5585
718.035938	 65.000000	 -0.8278	 -0.5605
719.611133	 65.000000	 -0.8309	 -0.5559
721.186182	 65.000000	 -0.8268	 -0.5618
722.761084	 65.000000	 -0.8269	 -0.5617
724.335937	 65.000000	 -0.8306	 -0.5560
725.910596	 65.000000	 -0.8337	 -0.5516
727.485156	 65.000000	 -0.8298	 -0.5576
729.059619	 65.000000	 -0.8306	 -0.5565
730.633936	 65.000000	 -0.8313	 -0.5553
732.208105	 65.000000	 -0.8328	 -0.5530
733.782178	 65.000000	 -0.8324	 -0.5536
735.356152	 65.000000	 -0.8318	 -0.5545
736.92998	 65.000000	 -0.8299	 -0.5574
738.503662	 65.000000	 -0.8298	 -0.5577
740.077246	 65.000000	 -0.8330	 -0.5527
741.650684	 65.000000	 -0.8338	 -0.5515
743.224023	 65.000000	 -0.8315	 -0.5550
744.797217	 65.000000	 -0.8331	 -0.5526
746.370264	 65.000000	 -0.8331	 -0.5525
747.943213	 65.000000	 -0.8357	 -0.5485
749.516016	 65.000000	 -0.8348	 -0.5500
751.088721	 65.000000	 -0.8343	 -0.5508
752.661279	 65.000000	 -0.8366	 -0.5472
754.23374	 65.000000	 -0.8331	 -0.5526
755.806055	 65.000000	 -0.8358	 -0.5485
757.378223	 65.000000	 -0.8353	 -0.5492
758.950293	 65.000000	 -0.8354	 -0.5492
760.522217	 65.000000	 -0.8322	 -0.5540
762.093994	 65.000000	 -0.8346	 -0.5503
763.665674	 65.000000	 -0.8360	 -0.5482
765.237256	 65.000000	 -0.8369	 -0.5468
766.808643	 65.000000	 -0.8371	 -0.5465
768.379932	 65.000000	 -0.8352	 -0.5495
769.951123	 65.000000	 -0.8364	 -0.5477
771.522119	 65.000000	 -0.8347	 -0.5503
773.093018	 65.000000	 -0.8369	 -0.5468
774.663818	 65.000000	 -0.8381	 -0.5449
776.234473	 65.000000	 -0.8391	 -0.5434
777.80498	 65.000000	 -0.8397	 -0.5425
779.375342	 65.000000	 -0.8400	 -0.5423
780.945605	 65.000000	 -0.8357	 -0.5486
782.515723	 65.000000	 -0.8362	 -0.5479
784.085742	 65.000000	 -0.8358	 -0.5485
785.655615	 65.000000	 -0.8398	 -0.5425
787.225342	 65.000000	 -0.8417	 -0.5395
788.794971	 65.000000	 -0.8395	 -0.5428
790.364453	 65.000000	 -0.8374	 -0.5461
791.933789	 65.000000	 -0.8332	 -0.5526
793.503027	 65.000000	 -0.8377	 -0.5457
795.07207	 65.000000	 -0.8401	 -0.5421
796.641064	 65.000000	 -0.8365	 -0.5475
798.209863	 65.000000	 -0.8384	 -0.5445
799.778564	 65.000000	 -0.8397	 -0.5426
801.347168	 65.000000	 -0.8429	 -0.5377
802.915625	 65.000000	 -0.8416	 -0.5396
804.483936	 65.000000	 -0.8352	 -0.5495
806.0521	 65.000000	 -0.8413	 -0.5402
807.620166	 65.000000	 -0.8429	 -0.5375
809.188086	 65.000000	 -0.8410	 -0.5405
810.755859	 65.000000	 -0.8378	 -0.5456
812.323535	 65.000000	 -0.8358	 -0.5486
813.891064	 65.000000	 -0.8432	 -0.5372
815.458496	 65.000000	 -0.8422	 -0.5387
817.025781	 65.000000	 -0.8408	 -0.5409
818.59292	 65.000000	 -0.8393	 -0.5432
820.159961	 65.000000	 -0.8435	 -0.5367
821.726855	 65.000000	 -0.8461	 -0.5325
823.293555	 65.000000	 -0.8410	 -0.5407
824.860254	 65.000000	 -0.8395	 -0.5430
826.426758	 65.000000	 -0.8426	 -0.5381
827.993066	 65.000000	 -0.8412	 -0.5403
829.559375	 65.000000	 -0.8433	 -0.5370
831.125488	 65.000000	 -0.8421	 -0.5388
832.691504	 65.000000	 -0.8450	 -0.5344
834.257324	 65.000000	 -0.8386	 -0.5443
835.823145	 65.000000	 -0.8425	 -0.5382
837.38877	 65.000000	 -0.8462	 -0.5325
838.954199	 65.000000	 -0.8408	 -0.5409
840.519531	 65.000000	 -0.8399	 -0.5423
842.084863	 65.000000	 -0.8432	 -0.5373
843.649902	 65.000000	 -0.8449	 -0.5346
845.214941	 65.000000	 -0.8439	 -0.5361
846.779785	 65.000000	 -0.8431	 -0.5375
848.344531	 65.000000	 -0.8423	 -0.5386
849.90918	 65.000000	 -0.8399	 -0.5425
851.473633	 65.000000	 -0.8450	 -0.5345
853.037988	 65.000000	 -0.8420	 -0.5390
854.602246	 65.000000	 -0.8422	 -0.5388
856.166406	 65.000000	 -0.8470	 -0.5311
857.730371	 65.000000	 -0.8415	 -0.5400
859.294238	 65.000000	 -0.8452	 -0.5341
860.858008	 65.000000	 -0.8415	 -0.5399
862.421582	 65.000000	 -0.8462	 -0.5325
863.985156	 65.000000	 -0.8438	 -0.5363
865.548535	 65.000000	 -0.8399	 -0.5424
867.111816	 65.000000	 -0.8444	 -0.5354
868.675	 65.000000	 -0.8503	 -0.5259
870.237988	 65.000000	 -0.8495	 -0.5271
871.800879	 65.000000	 -0.8461	 -0.5326
873.363672	 65.000000	 -0.8468	 -0.5315
874.926367	 65.000000	 -0.8456	 -0.5335
876.488965	 65.000000	 -0.8415	 -0.5398
878.051367	 65.000000	 -0.8432	 -0.5373
879.613672	 65.000000	 -0.8474	 -0.5305
881.175879	 65.000000	 -0.8494	 -0.5273
882.737988	 65.000000	 -0.8476	 -0.5303
884.3	 65.000000	 -0.8436	 -0.5366
885.861914	 65.000000	 -0.8424	 -0.5386
887.423633	 65.000000	 -0.8470	 -0.5313
888.985254	 65.000000	 -0.8502	 -0.5262
890.546777	 65.000000	 -0.8564	 -0.5159
892.108203	 65.000000	 -0.8522	 -0.5230
893.669531	 65.000000	 -0.8471	 -0.5311
895.230762	 65.000000	 -0.8434	 -0.5370
896.791797	 65.000000	 -0.8426	 -0.5383
898.352832	 65.000000	 -0.8479	 -0.5299
899.913672	 65.000000	 -0.8485	 -0.5289
901.474414	 65.000000	 -0.8448	 -0.5347
903.035059	 65.000000	 -0.8481	 -0.5294
904.595605	 65.000000	 -0.8498	 -0.5266
906.156055	 65.000000	 -0.8545	 -0.5192
907.716406	 65.000000	 -0.8486	 -0.5287
909.27666	 65.000000	 -0.8486	 -0.5289
910.836816	 65.000000	 -0.8524	 -0.5225
912.396777	 65.000000	 -0.8513	 -0.5241
913.956738	 65.000000	 -0.8491	 -0.5277
915.516602	 65.000000	 -0.8438	 -0.5363
917.07627	 65.000000	 -0.8470	 -0.5314
918.635938	 65.000000	 -0.8480	 -0.5298
920.195508	 65.000000	 -0.8503	 -0.5261
921.754883	 65.000000	 -0.8476	 -0.5303
923.314258	 65.000000	 -0.8441	 -0.5360
924.873437	 65.000000	 -0.8473	 -0.5307
926.432617	 65.000000	 -0.8484	 -0.5291
927.991699	 65.000000	 -0.8505	 -0.5255
929.550684	 65.000000	 -0.8461	 -0.5326
931.109473	 65.000000	 -0.8457	 -0.5333
932.668262	 65.000000	 -0.8479	 -0.5299
934.226953	 65.000000	 -0.8530	 -0.5216
935.785547	 65.000000	 -0.8523	 -0.5228
937.344043	 65.000000	 -0.8501	 -0.5263
938.902539	 65.000000	 -0.8480	 -0.5296
940.46084	 65.000000	 -0.8515	 -0.5241
942.019141	 65.000000	 -0.8501	 -0.5263
943.577246	 65.000000	 -0.8511	 -0.5246
945.135352	 65.000000	 -0.8465	 -0.5321
946.693359	 65.000000	 -0.8524	 -0.5225
948.25127	 65.000000	 -0.8488	 -0.5283
949.809082	 65.000000	 -0.8496	 -0.5272
951.366895	 65.000000	 -0.8478	 -0.5299
952.924609	 65.000000	 -0.8509	 -0.5250
954.482227	 65.000000	 -0.8515	 -0.5241
956.039746	 65.000000	 -0.8536	 -0.5207
957.597168	 65.000000	 -0.8510	 -0.5249
959.15459	 65.000000	 -0.8472	 -0.5310
960.711914	 65.000000	 -0.8464	 -0.5321
962.269141	 65.000000	 -0.8486	 -0.5287
963.826367	 65.000000	 -0.8546	 -0.5191
965.383398	 65.000000	 -0.8557	 -0.5170
966.940527	 65.000000	 -0.8539	 -0.5201
968.497461	 65.000000	 -0.8478	 -0.5300
970.054395	 65.000000	 -0.8451	 -0.5344
971.61123	 65.000000	 -0.8515	 -0.5241
973.168066	 65.000000	 -0.8550	 -0.5182
974.724707	 65.000000	 -0.8523	 -0.5227
976.281445	 65.000000	 -0.8511	 -0.5245
977.838086	 65.000000	 -0.8483	 -0.5292
979.394629	 65.000000	 -0.8525	 -0.5224
98