wave(nm)		 AOI	 alpha			 beta
350.282501220703	 65	 -0.999863540303122	 0.101313219932029
352.272735595703	 65	 -0.999860892714599	 0.101380621785969
354.285705566406	 65	 -0.999857546523914	 0.101472284861793
356.321838378906	 65	 -0.99985322522177	 0.101572939034431
358.381500244141	 65	 -0.999847509803062	 0.101666585488107
360.465118408203	 65	 -0.999840392394349	 0.101718400407162
362.573089599609	 65	 -0.999832091620545	 0.101709588456969
364.705871582031	 65	 -0.99982342429791	 0.101629494650784
366.863891601563	 65	 -0.999815394795577	 0.101477681335094
369.047637939453	 65	 -0.999809051272057	 0.101270862928327
371.257507324219	 65	 -0.999804346571663	 0.101024032994001
373.493988037109	 65	 -0.99980120366027	 0.100738641791984
375.757568359375	 65	 -0.999799862442103	 0.100420580256762
378.048797607422	 65	 -0.999799820058169	 0.100089120743827
380.368103027344	 65	 -0.999800560936512	 0.0997689505051277
382.716033935547	 65	 -0.999801843524735	 0.0994565495829018
385.093170166016	 65	 -0.999803432703638	 0.0991594060531215
387.5	 65	 -0.999805096372515	 0.0988755072169521
389.937103271484	 65	 -0.999806790479896	 0.0986070901122058
392.405059814453	 65	 -0.999808516002139	 0.0983526858122051
394.904449462891	 65	 -0.999810174794712	 0.0981100616311237
397.435913085938	 65	 -0.999811802535629	 0.0978823114816199
400	 65	 -0.999813491741497	 0.0976677815514075
402.597412109375	 65	 -0.999814956749246	 0.0974609046109559
405.228759765625	 65	 -0.999816442172478	 0.0972615289841849
407.894744873047	 65	 -0.999818084993633	 0.0970678448892077
410.596038818359	 65	 -0.999819460657672	 0.0968802413633352
413.333343505859	 65	 -0.999820764173522	 0.09669563227613
416.107391357422	 65	 -0.999822130355891	 0.0965227672339449
418.918914794922	 65	 -0.999823486969966	 0.0963561465254154
421.768707275391	 65	 -0.999824633319364	 0.0961939118528091
424.657531738281	 65	 -0.99982570732804	 0.0960333674113565
427.586181640625	 65	 -0.999826956917324	 0.095878408399848
430.555541992188	 65	 -0.999828105582052	 0.0957288762066443
433.566436767578	 65	 -0.999829233376943	 0.0955793904615034
436.619720458984	 65	 -0.999830484776259	 0.0954429121954333
439.71630859375	 65	 -0.999831369475997	 0.0952967968285192
442.857147216797	 65	 -0.999832383540616	 0.0951603229779653
446.043182373047	 65	 -0.999833144550005	 0.0950272116651061
449.275360107422	 65	 -0.999834275075396	 0.0948976787080102
452.554748535156	 65	 -0.999834963856836	 0.0947622813665989
455.882354736328	 65	 -0.999835964388689	 0.0946378381627735
459.259246826172	 65	 -0.999836964790151	 0.0945157370955466
462.686553955078	 65	 -0.999837957732985	 0.0944006880189727
466.165405273438	 65	 -0.999839041182559	 0.0942811806713984
469.696960449219	 65	 -0.999839569493722	 0.0941641189732831
473.282470703125	 65	 -0.999840522383584	 0.094046826490401
476.923095703125	 65	 -0.99984054033517	 0.093928298806807
480.620178222656	 65	 -0.999841502821473	 0.0938227092129643
484.375	 65	 -0.999842044822499	 0.0937099423143582
488.188995361328	 65	 -0.999842738955536	 0.0936046152196592
492.063507080078	 65	 -0.999843489211494	 0.0934991981727405
496	 65	 -0.999844155602478	 0.0933954936359245
500	 65	 -0.999844898844017	 0.0932975322570823
504.065032958984	 65	 -0.999845421061612	 0.0931983625669828
508.196716308594	 65	 -0.999846334722716	 0.0931018215298944
512.396667480469	 65	 -0.999846688650464	 0.0930017448237127
516.666625976563	 65	 -0.999847374788504	 0.0929082748375258
521.008361816406	 65	 -0.999847917626362	 0.092815928150667
525.423767089844	 65	 -0.999848489924614	 0.0927232217920476
529.91455078125	 65	 -0.999848831183692	 0.0926300177096219
534.482788085938	 65	 -0.999849547811467	 0.0925384324258803
539.130432128906	 65	 -0.999850226494531	 0.0924563463507201
543.859680175781	 65	 -0.999850706885028	 0.0923690667563008
548.672546386719	 65	 -0.99985130387776	 0.0922833925133437
553.571411132813	 65	 -0.999851518662037	 0.092194666806516
558.558532714844	 65	 -0.999852258013948	 0.0921160564579633
563.636352539063	 65	 -0.99985261293152	 0.0920346277177475
568.807312011719	 65	 -0.999853239599798	 0.0919520193846553
574.074035644531	 65	 -0.999853647760459	 0.0918713959780461
579.439208984375	 65	 -0.999854064846741	 0.091793876145201
584.905700683594	 65	 -0.999854655159041	 0.0917202960452861
590.476196289063	 65	 -0.999855157424258	 0.0916442916118734
596.153869628906	 65	 -0.999855534347111	 0.0915713771997247
601.941772460938	 65	 -0.99985594211088	 0.091498469395061
607.843139648438	 65	 -0.999856375345292	 0.0914317219720728
613.861389160156	 65	 -0.999856815270427	 0.0913582611488926
620	 65	 -0.999857189086344	 0.0912893092620251
626.262634277344	 65	 -0.999857661535978	 0.0912152565711054
632.653076171875	 65	 -0.999857969230346	 0.0911504424634946
639.175231933594	 65	 -0.9998583757903	 0.0910805083018245
645.833374023438	 65	 -0.999858783125584	 0.0910100396614425
652.631591796875	 65	 -0.999859154583056	 0.090944919649027
659.574462890625	 65	 -0.999859521378906	 0.0908858215046109
666.666687011719	 65	 -0.999859894048027	 0.0908198309396859
673.913024902344	 65	 -0.99986026731957	 0.0907533759853074
681.318664550781	 65	 -0.999860604262836	 0.090692506653269
688.888916015625	 65	 -0.999860936632053	 0.0906378609925007
696.629211425781	 65	 -0.999861269545056	 0.0905828903602528
704.545471191406	 65	 -0.999861570908597	 0.0905270727236642
712.643676757813	 65	 -0.999861909750456	 0.0904647298031891
720.930236816406	 65	 -0.999862169759288	 0.0904212125388032
729.411743164063	 65	 -0.999862472207352	 0.0903644440775385
738.095275878906	 65	 -0.999862732898422	 0.0903204596748565
746.987976074219	 65	 -0.999863035948806	 0.0902631086301915
756.097595214844	 65	 -0.999863334690151	 0.0902122777594815
765.432067871094	 65	 -0.999863563642694	 0.0901670921053556
775	 65	 -0.999863825606419	 0.0901221833305989
784.810119628906	 65	 -0.999863825606419	 0.0901221833305989
794.871826171875	 65	 -0.999864430042972	 0.0900117573285918
805.19482421875	 65	 -0.999864735057811	 0.0899525616329916
815.789489746094	 65	 -0.999864998273545	 0.0899066504575798
826.666687011719	 65	 -0.999865266297422	 0.0898534259628663
