wave(nm)		 AOI	 P_reflect			 S_reflect
350.282501220703	 65	 0.197296754033314	 0.752349673922446
352.272735595703	 65	 0.20268678288193	 0.75574366084096
354.285705566406	 65	 0.209588157945005	 0.759997471607174
356.321838378906	 65	 0.218644218783007	 0.765417247952512
358.381500244141	 65	 0.230871390353091	 0.77245991466734
360.465118408203	 65	 0.246499938399621	 0.781042577166867
362.573089599609	 65	 0.265303508349726	 0.790821639404032
364.705871582031	 65	 0.285614853508669	 0.800794517757159
366.863891601563	 65	 0.305059997558027	 0.809828065106117
369.047637939453	 65	 0.320851415605137	 0.816817820435942
371.257507324219	 65	 0.332802471519731	 0.821899592691651
373.493988037109	 65	 0.340884011389142	 0.825206803172074
375.757568359375	 65	 0.3443187484371	 0.826506295391878
378.048797607422	 65	 0.344353215841467	 0.826368864520105
380.368103027344	 65	 0.342337672412171	 0.825371562302803
382.716033935547	 65	 0.338917373837681	 0.823773531049503
385.093170166016	 65	 0.334723128163087	 0.821834363038915
387.5	 65	 0.33036510227878	 0.819807593525273
389.937103271484	 65	 0.325960169941921	 0.817743605750923
392.405059814453	 65	 0.321507221258681	 0.815640727840145
394.904449462891	 65	 0.317254170650209	 0.813607927491804
397.435913085938	 65	 0.313109498520881	 0.811608722211102
400	 65	 0.308841723357422	 0.809538272277938
402.597412109375	 65	 0.305156622902695	 0.807716680905594
405.228759765625	 65	 0.301444282163026	 0.80586797714431
407.894744873047	 65	 0.297371380577026	 0.803833951231188
410.596038818359	 65	 0.293973035513468	 0.802100845621989
413.333343505859	 65	 0.290767424317668	 0.800444688318384
416.107391357422	 65	 0.287431470462369	 0.798718155846786
418.918914794922	 65	 0.284138077081096	 0.79699993773946
421.768707275391	 65	 0.281361924168045	 0.795522253725365
424.657531738281	 65	 0.278769413312337	 0.794124015249575
427.586181640625	 65	 0.275777054157939	 0.792519493826822
430.555541992188	 65	 0.273037069409791	 0.79103148830029
433.566436767578	 65	 0.270358060703401	 0.789561780519121
436.619720458984	 65	 0.267409230010841	 0.787952659777259
439.71630859375	 65	 0.265316754888391	 0.786761501413461
442.857147216797	 65	 0.262937667116819	 0.785421863529603
446.043182373047	 65	 0.261148098802727	 0.784381649771177
449.275360107422	 65	 0.258522796251779	 0.78290065288454
452.554748535156	 65	 0.256909684338575	 0.781936097847526
455.882354736328	 65	 0.254599200213343	 0.780606098436127
459.259246826172	 65	 0.252299157386952	 0.779273842526268
462.686553955078	 65	 0.250027637010136	 0.777953371632715
466.165405273438	 65	 0.247561676611322	 0.776513827684262
469.696960449219	 65	 0.246342367679761	 0.775744300643327
473.282470703125	 65	 0.244182872579672	 0.774456825243433
476.923095703125	 65	 0.244100617361703	 0.77430040057963
480.620178222656	 65	 0.241932538427429	 0.773008501743594
484.375	 65	 0.240696120900533	 0.772217122729816
488.188995361328	 65	 0.239130696946531	 0.771246147793205
492.063507080078	 65	 0.237446733836867	 0.770203395096681
496	 65	 0.235951636380074	 0.769262443617281
500	 65	 0.234295416484615	 0.768231125634607
504.065032958984	 65	 0.233123532162339	 0.767467726258547
508.196716308594	 65	 0.231107714367439	 0.766222116886463
512.396667480469	 65	 0.230305575182265	 0.765660923502278
516.666625976563	 65	 0.228791173096324	 0.76469488884903
521.008361816406	 65	 0.22758919940987	 0.763905507404561
525.423767089844	 65	 0.226326620405437	 0.763076989902367
529.91455078125	 65	 0.225560816439441	 0.762533424405603
534.482788085938	 65	 0.223995457591406	 0.761522418232739
539.130432128906	 65	 0.222519088243114	 0.760568340567451
543.859680175781	 65	 0.221465498452084	 0.759853329025304
548.672546386719	 65	 0.220167779501471	 0.758992447055201
553.571411132813	 65	 0.219679459134436	 0.758605440300769
558.558532714844	 65	 0.218088747760739	 0.75757135152136
563.636352539063	 65	 0.217310067806239	 0.757015227255224
568.807312011719	 65	 0.21596155939902	 0.756113400737158
574.074035644531	 65	 0.215074768985222	 0.755488224358386
579.439208984375	 65	 0.214172003796659	 0.754854628566824
584.905700683594	 65	 0.212911058731575	 0.754005527260295
590.476196289063	 65	 0.211835455407296	 0.753262881993349
596.153869628906	 65	 0.211023552540727	 0.752682286222093
601.941772460938	 65	 0.210148982738484	 0.75206126570352
607.843139648438	 65	 0.209225630758241	 0.75141520868431
613.861389160156	 65	 0.208287512740276	 0.750749796100464
620	 65	 0.207489154648484	 0.750173940863875
626.262634277344	 65	 0.206487115119999	 0.749463385119182
632.653076171875	 65	 0.205829012673415	 0.748975834795072
639.175231933594	 65	 0.204966980800525	 0.748353130628213
645.833374023438	 65	 0.204104631210647	 0.747727404805669
652.631591796875	 65	 0.203319190158853	 0.747154434938451
659.574462890625	 65	 0.202546900794561	 0.746595289988314
666.666687011719	 65	 0.201761102768495	 0.74601739111073
673.913024902344	 65	 0.200975136146693	 0.745436938019204
681.318664550781	 65	 0.200266377933386	 0.744910715732371
688.888916015625	 65	 0.199570409511413	 0.744398860448417
696.629211425781	 65	 0.198874203182673	 0.743884995817875
704.545471191406	 65	 0.198242387091212	 0.743409944317192
712.643676757813	 65	 0.197533132137905	 0.742875555172637
720.930236816406	 65	 0.196991334231702	 0.742471456795265
729.411743164063	 65	 0.196359371836334	 0.741991330362592
738.095275878906	 65	 0.195817324131728	 0.741584488973223
746.987976074219	 65	 0.195185436035785	 0.741101279446387
756.097595214844	 65	 0.194565657726023	 0.74063302812901
765.432067871094	 65	 0.194088666481837	 0.740264006555985
775	 65	 0.193546245809038	 0.739851814513519
784.810119628906	 65	 0.193546245809038	 0.739851814513519
794.871826171875	 65	 0.192294264342507	 0.738887998463067
805.19482421875	 65	 0.191662295742327	 0.738394996097627
815.789489746094	 65	 0.1911197211465	 0.737977101274023
826.666687011719	 65	 0.190565211039038	 0.7375407002325
