wave(nm)		 AOI	 P_reflect			 S_reflect
350.282501220703	 40	 0.41598231899422	 0.597432491336914
350.282501220703	 45	 0.386266020677976	 0.621503033522746
350.282501220703	 50	 0.35051433593716	 0.648902868925718
350.282501220703	 55	 0.307724634065004	 0.679763460143599
350.282501220703	 60	 0.256867898545124	 0.714209238337604
350.282501220703	 65	 0.197296754033314	 0.752349673922446
350.282501220703	 70	 0.130061886259579	 0.794270070310374
350.282501220703	 75	 0.0622546039604916	 0.840021135715243
350.282501220703	 80	 0.0228051888279817	 0.889607488381152
350.282501220703	 85	 0.131167390876951	 0.942975372419687
352.272735595703	 40	 0.421762200200465	 0.602303645309954
352.272735595703	 45	 0.392106149716945	 0.626183798670123
352.272735595703	 50	 0.356388129616724	 0.653348390393076
352.272735595703	 55	 0.313576178902048	 0.683921482403281
352.272735595703	 60	 0.262589411639142	 0.71801953643724
352.272735595703	 65	 0.20268678288193	 0.75574366084096
352.272735595703	 70	 0.134746256202898	 0.797170645550112
352.272735595703	 75	 0.0655392423450049	 0.842342847323934
352.272735595703	 80	 0.0234533511922086	 0.89125708395833
352.272735595703	 85	 0.127659175309124	 0.943852812726687
354.285705566406	 40	 0.429085402496387	 0.608435269568315
354.285705566406	 45	 0.399514215141728	 0.632071368709047
354.285705566406	 50	 0.363849690284615	 0.658935522865543
354.285705566406	 55	 0.321023333268125	 0.689142734081226
354.285705566406	 60	 0.26988923978349	 0.722799737713145
354.285705566406	 65	 0.209588157945005	 0.759997471607174
354.285705566406	 70	 0.140778354986686	 0.800802412237942
354.285705566406	 75	 0.0698199803451596	 0.845246847882337
354.285705566406	 80	 0.024389689571115	 0.893318250984199
354.285705566406	 85	 0.123229399822708	 0.944948021944123
356.321838378906	 40	 0.438541702339994	 0.616288840052124
356.321838378906	 45	 0.409095224366994	 0.639605522464428
356.321838378906	 50	 0.373519740399036	 0.666078156054019
356.321838378906	 55	 0.330701310060131	 0.695810534852038
356.321838378906	 60	 0.279412437703888	 0.728897410508472
356.321838378906	 65	 0.218644218783007	 0.765417247952512
356.321838378906	 70	 0.14877401613767	 0.805423944002941
356.321838378906	 75	 0.0756293206351091	 0.848937587791396
356.321838378906	 80	 0.0259451030552999	 0.895934428227797
356.321838378906	 85	 0.117799980623457	 0.946336315877078
358.381500244141	 40	 0.451041080348974	 0.626562639586539
358.381500244141	 45	 0.421785499955715	 0.649450152017624
358.381500244141	 50	 0.38636243458286	 0.675399498607647
358.381500244141	 55	 0.343601155200298	 0.704500468765832
358.381500244141	 60	 0.292170961038348	 0.73683292089611
358.381500244141	 65	 0.230871390353091	 0.77245991466734
358.381500244141	 70	 0.159715573651128	 0.811419923721648
358.381500244141	 75	 0.083828943821546	 0.853718216899919
358.381500244141	 80	 0.0286705635335179	 0.899317575170953
358.381500244141	 85	 0.111260684359873	 0.948128603746791
360.465118408203	 40	 0.466599686460589	 0.6391873598952
360.465118408203	 45	 0.43762231188296	 0.661530280397625
360.465118408203	 50	 0.402443400297341	 0.686819741372516
360.465118408203	 55	 0.359826982013444	 0.71512932373416
360.465118408203	 60	 0.308321775337596	 0.746521769455932
360.465118408203	 65	 0.246499938399621	 0.781042577166867
360.465118408203	 70	 0.173935012686373	 0.818712810460291
360.465118408203	 75	 0.0948877229646963	 0.859521215123797
360.465118408203	 80	 0.0331930341345173	 0.903415812082905
360.465118408203	 85	 0.104283908020154	 0.950295213889304
362.573089599609	 40	 0.484770334912518	 0.653712100833438
362.573089599609	 45	 0.456172375403089	 0.675405341556527
362.573089599609	 50	 0.421351741393615	 0.699913050420482
362.573089599609	 55	 0.379003687103726	 0.7272915062147
362.573089599609	 60	 0.327546936759153	 0.75758533585559
362.573089599609	 65	 0.265303508349726	 0.790821639404032
362.573089599609	 70	 0.191353350750455	 0.827003464145784
362.573089599609	 75	 0.10896252566669	 0.866102729560309
362.573089599609	 80	 0.0400270359216479	 0.908052766398192
362.573089599609	 85	 0.0977698631052659	 0.952740702330002
364.705871582031	 40	 0.503794108147559	 0.668678251504497
364.705871582031	 45	 0.47565404215835	 0.689676766433631
364.705871582031	 50	 0.441290324762809	 0.71335438682305
364.705871582031	 55	 0.399334904997774	 0.739751036558198
364.705871582031	 60	 0.348083360082932	 0.768894386715391
364.705871582031	 65	 0.285614853508669	 0.800794517757159
364.705871582031	 70	 0.210518692418341	 0.835438054534939
364.705871582031	 75	 0.125045801586697	 0.872781878187695
364.705871582031	 80	 0.0490361963689951	 0.912746571696719
364.705871582031	 85	 0.0930337578620812	 0.955209814214106
366.863891601563	 40	 0.521459941624714	 0.682367504512434
366.863891601563	 45	 0.493799608166998	 0.702708764828643
366.863891601563	 50	 0.459934579440245	 0.725606008148198
366.863891601563	 55	 0.418446675862419	 0.751085468179869
366.863891601563	 60	 0.367530415985479	 0.779160768317754
366.863891601563	 65	 0.305059997558027	 0.809828065106117
366.863891601563	 70	 0.229200198596994	 0.843060763726332
366.863891601563	 75	 0.141300701155142	 0.87880390901145
366.863891601563	 80	 0.0593123709589982	 0.916968400862073
366.863891601563	 85	 0.0910430106690089	 0.95742523242017
369.047637939453	 40	 0.535411901017875	 0.69304439704526
369.047637939453	 45	 0.508168253657002	 0.71285921026315
369.047637939453	 50	 0.474749817340647	 0.735134432127672
369.047637939453	 55	 0.433705940966233	 0.759886423641407
369.047637939453	 60	 0.383162750438424	 0.787118775626931
369.047637939453	 65	 0.320851415605137	 0.816817820435942
369.047637939453	 70	 0.244633272024792	 0.848947784318506
369.047637939453	 75	 0.155199765374391	 0.883445681921656
369.047637939453	 80	 0.0690871534547329	 0.920216094494249
369.047637939453	 85	 0.0919018905837725	 0.959126016618227
371.257507324219	 40	 0.545707314630422	 0.700851056900753
371.257507324219	 45	 0.518794397966387	 0.720273835403166
371.257507324219	 50	 0.48573918198164	 0.74208735476317
371.257507324219	 55	 0.445072607978103	 0.766301171851954
371.257507324219	 60	 0.394879676752443	 0.792912021146805
371.257507324219	 65	 0.332802471519731	 0.821899592691651
371.257507324219	 70	 0.256508965590007	 0.853221996232724
371.257507324219	 75	 0.166264681953524	 0.886811010611935
371.257507324219	 80	 0.0776800407934642	 0.922567253985499
371.257507324219	 85	 0.0948649715640486	 0.96035544947471
373.493988037109	 40	 0.552468805881663	 0.705947901870621
373.493988037109	 45	 0.525787803255365	 0.725112269414444
373.493988037109	 50	 0.492994201003453	 0.746621900439174
373.493988037109	 55	 0.452612016042814	 0.770482053856642
373.493988037109	 60	 0.40270838186357	 0.796685165882661
373.493988037109	 65	 0.340884011389142	 0.825206803172074
373.493988037109	 70	 0.264714285931609	 0.856001329693989
373.493988037109	 75	 0.174259481357142	 0.888997384252959
373.493988037109	 80	 0.0846916339428326	 0.924093299747902
373.493988037109	 85	 0.0994169677181454	 0.961152631702614
375.757568359375	 40	 0.555121165706272	 0.707945832732174
375.757568359375	 45	 0.528543609132688	 0.727010047477122
375.757568359375	 50	 0.495874937035552	 0.748401489785457
375.757568359375	 55	 0.455643346413496	 0.772123669623287
375.757568359375	 60	 0.405921592708861	 0.798167293941212
375.757568359375	 65	 0.3443187484371	 0.826506295391878
375.757568359375	 70	 0.268425304963276	 0.857093584961788
375.757568359375	 75	 0.178337469963971	 0.889856623880082
375.757568359375	 80	 0.0893338225131685	 0.924692943379637
375.757568359375	 85	 0.105041879792094	 0.961465776308064
378.048797607422	 40	 0.554803584946642	 0.707717250109642
378.048797607422	 45	 0.528233040238234	 0.726796422829828
378.048797607422	 50	 0.49558553173708	 0.748204446470672
378.048797607422	 55	 0.455400762347199	 0.771944831393571
378.048797607422	 60	 0.405772903886986	 0.79800830875333
378.048797607422	 65	 0.344353215841467	 0.826368864520105
378.048797607422	 70	 0.268821056448409	 0.856979495937789
378.048797607422	 75	 0.179474102508275	 0.889767784784515
378.048797607422	 80	 0.0920696717544096	 0.924631414937101
378.048797607422	 85	 0.111071517945516	 0.961433797204171
380.368103027344	 40	 0.552710705938122	 0.706157039746003
380.368103027344	 45	 0.526088909578687	 0.725319867078441
380.368103027344	 50	 0.493399295405876	 0.746824945363906
380.368103027344	 55	 0.453196943251465	 0.77067683958059
380.368103027344	 60	 0.403605883670858	 0.79686736064576
380.368103027344	 65	 0.342337672412171	 0.825371562302803
380.368103027344	 70	 0.267199747442874	 0.856143452065769
380.368103027344	 75	 0.178777682633607	 0.889111509946253
380.368103027344	 80	 0.0934941625475031	 0.924174142279755
380.368103027344	 85	 0.116921461730956	 0.961195234099413
382.716033935547	 40	 0.549387904352356	 0.703669458214844
382.716033935547	 45	 0.522675939452688	 0.722963304361077
382.716033935547	 50	 0.48990239943223	 0.744621023023413
382.716033935547	 55	 0.449640650048558	 0.768648995203002
382.716033935547	 60	 0.400050732054967	 0.79504087728851
382.716033935547	 65	 0.338917373837681	 0.823773531049503
382.716033935547	 70	 0.264203295348903	 0.854802654291792
382.716033935547	 75	 0.176840022180591	 0.888058205451117
382.716033935547	 80	 0.0940339054482107	 0.923439749824316
382.716033935547	 85	 0.122604371617341	 0.960811892382869
385.093170166016	 40	 0.545381656339968	 0.700659765339078
385.093170166016	 45	 0.518559190600077	 0.720110540542268
385.093170166016	 50	 0.485679995540708	 0.741951478808401
385.093170166016	 55	 0.445337272649765	 0.76619124912837
385.093170166016	 60	 0.395730233273403	 0.792825831604661
385.093170166016	 65	 0.334723128163087	 0.821834363038915
385.093170166016	 70	 0.260446643112105	 0.853174666663284
385.093170166016	 75	 0.174202922002124	 0.886778558918427
385.093170166016	 80	 0.0940226729171348	 0.92254706165872
385.093170166016	 85	 0.12797538798266	 0.96034568679834
387.5	 40	 0.541217591845838	 0.697521238989894
387.5	 45	 0.514281837398154	 0.717134462564834
387.5	 50	 0.481294399871129	 0.739165333866616
387.5	 55	 0.44086876827277	 0.763624976405913
387.5	 60	 0.391244053063664	 0.790511867315486
387.5	 65	 0.33036510227878	 0.819807593525273
387.5	 70	 0.25653171497012	 0.851472274419992
387.5	 75	 0.17141560326234	 0.885439743464554
387.5	 80	 0.0938560280092074	 0.921612617884261
387.5	 85	 0.133088691754246	 0.959857425597547
389.937103271484	 40	 0.537000754295237	 0.694332304059166
389.937103271484	 45	 0.509952204938918	 0.714109378834165
389.937103271484	 50	 0.47685734406217	 0.736332091954703
389.937103271484	 55	 0.436350045035364	 0.761014129991322
389.937103271484	 60	 0.386709317085571	 0.788156582426662
389.937103271484	 65	 0.325960169941921	 0.817743605750923
389.937103271484	 70	 0.252569459981928	 0.849737735620397
389.937103271484	 75	 0.168570473008164	 0.884074939089931
389.937103271484	 80	 0.0935807258653783	 0.920659536696584
389.937103271484	 85	 0.137902268795551	 0.959359165816183
392.405059814453	 40	 0.532728916409652	 0.691090757631987
392.405059814453	 45	 0.505568125240693	 0.711033139340701
392.405059814453	 50	 0.47236676047198	 0.73344967704355
392.405059814453	 55	 0.431779203960889	 0.758356734199527
392.405059814453	 60	 0.382124412864358	 0.785758133841957
392.405059814453	 65	 0.321507221258681	 0.815640727840145
392.405059814453	 70	 0.248559709778897	 0.847969594994788
392.405059814453	 75	 0.165669356815373	 0.88268295943893
392.405059814453	 80	 0.0932037973953247	 0.919686959790318
392.405059814453	 85	 0.142440458365196	 0.958850442738907
394.904449462891	 40	 0.528621113980485	 0.687963593141813
394.904449462891	 45	 0.501355214867689	 0.70806441434921
394.904449462891	 50	 0.468055295517245	 0.730666944542704
394.904449462891	 55	 0.427395852411677	 0.755790188923991
394.904449462891	 60	 0.377734768566698	 0.783440674525599
394.904449462891	 65	 0.317254170650209	 0.813607927491804
394.904449462891	 70	 0.244745010498972	 0.846259560146755
394.904449462891	 75	 0.162932266825717	 0.881336058687823
394.904449462891	 80	 0.0928877275850413	 0.9187454024938
394.904449462891	 85	 0.146756471568624	 0.958357690840297
397.435913085938	 40	 0.524602968244605	 0.684894707419519
397.435913085938	 45	 0.497236413908278	 0.705149923000973
397.435913085938	 50	 0.463842778765251	 0.727933938415556
397.435913085938	 55	 0.42311628954149	 0.753268414068906
397.435913085938	 60	 0.373452815380045	 0.781162600033997
397.435913085938	 65	 0.313109498520881	 0.811608722211102
397.435913085938	 70	 0.241030477426117	 0.844576959101096
397.435913085938	 75	 0.160263257991404	 0.880010099330026
397.435913085938	 80	 0.0925424914533	 0.917818011388222
397.435913085938	 85	 0.150787268084647	 0.957872103416029
400	 40	 0.520465764568384	 0.681724052898625
400	 45	 0.492997069809642	 0.702137500643315
400	 50	 0.459508356670035	 0.725107807002575
400	 55	 0.418713788273926	 0.75065944934407
400	 60	 0.369047474471497	 0.77880457108759
400	 65	 0.308841723357422	 0.809538272277938
400	 70	 0.237193207705838	 0.842833470440839
400	 75	 0.157467664831355	 0.878635421099495
400	 80	 0.0920436426745807	 0.916856029896763
400	 85	 0.154552849439616	 0.957368136293122
402.597412109375	 40	 0.516841353207725	 0.678938613744425
402.597412109375	 45	 0.489286884236561	 0.69949044613673
402.597412109375	 50	 0.455720576341007	 0.722623789839102
402.597412109375	 55	 0.414875165396417	 0.748365632547995
402.597412109375	 60	 0.365220090985439	 0.776730703528582
402.597412109375	 65	 0.305156622902695	 0.807716680905594
402.597412109375	 70	 0.233920463854775	 0.84129895095634
402.597412109375	 75	 0.155165254790482	 0.877425007924746
402.597412109375	 80	 0.0918451153346397	 0.916008626524852
402.597412109375	 85	 0.158192079995604	 0.956923988794753
405.228759765625	 40	 0.513181533558575	 0.676117450776389
405.228759765625	 45	 0.48554206620851	 0.696808486033652
405.228759765625	 50	 0.451899296106164	 0.720106046969615
405.228759765625	 55	 0.411004645933504	 0.746039718770285
405.228759765625	 60	 0.361362956711022	 0.774626910479683
405.228759765625	 65	 0.301444282163026	 0.80586797714431
405.228759765625	 70	 0.230622202841306	 0.839740875021024
405.228759765625	 75	 0.152833585961719	 0.876195437435188
405.228759765625	 80	 0.091591005864867	 0.915147403638866
405.228759765625	 85	 0.161677547255706	 0.956472384024736
407.894744873047	 40	 0.509178349550733	 0.673021129280656
407.894744873047	 45	 0.481446745022982	 0.69386363575488
407.894744873047	 50	 0.447720629594751	 0.717340197118302
407.894744873047	 55	 0.406771200072536	 0.743483324798902
407.894744873047	 60	 0.357140661616515	 0.772313450111057
407.894744873047	 65	 0.297371380577026	 0.803833951231188
407.894744873047	 70	 0.226981052400219	 0.838025691927575
407.894744873047	 75	 0.150199980881721	 0.874841158600163
407.894744873047	 80	 0.0911105451269082	 0.914198328207263
407.894744873047	 85	 0.165027713898171	 0.955974452365312
410.596038818359	 40	 0.505780697995037	 0.670386252761877
410.596038818359	 45	 0.477974733685753	 0.691357167957166
410.596038818359	 50	 0.444183907395594	 0.714985555743403
410.596038818359	 55	 0.403197451429593	 0.741306445453274
410.596038818359	 60	 0.353591374966533	 0.77034287653576
410.596038818359	 65	 0.293973035513468	 0.802100845621989
410.596038818359	 70	 0.2239888794601	 0.836563746834519
410.596038818359	 75	 0.148129646518116	 0.873686390804463
410.596038818359	 80	 0.0909779697070202	 0.913388734934346
410.596038818359	 85	 0.168284079432973	 0.95554951160787
413.333343505859	 40	 0.502547198667035	 0.667872176673901
413.333343505859	 45	 0.474672782211554	 0.688965007973231
413.333343505859	 50	 0.44082373481972	 0.712737670051016
413.333343505859	 55	 0.399806955568684	 0.739227629332501
413.333343505859	 60	 0.350231393679503	 0.76846045466462
413.333343505859	 65	 0.290767424317668	 0.800444688318384
413.333343505859	 70	 0.22118567563979	 0.835166192234858
413.333343505859	 75	 0.146226386774616	 0.872582053814679
413.333343505859	 80	 0.0909458692027093	 0.912614183626353
413.333343505859	 85	 0.17148001711124	 0.955142792971144
416.107391357422	 40	 0.499193785812227	 0.665257038139661
416.107391357422	 45	 0.471248879891182	 0.68647569504767
416.107391357422	 50	 0.437339454859519	 0.710397496120626
416.107391357422	 55	 0.396290177994071	 0.737062500031935
416.107391357422	 60	 0.346743052403229	 0.766498968296502
416.107391357422	 65	 0.287431470462369	 0.798718155846786
416.107391357422	 70	 0.218249608048756	 0.83370855772497
416.107391357422	 75	 0.144183991561679	 0.871429694974272
416.107391357422	 80	 0.0907521183623883	 0.911805571958071
416.107391357422	 85	 0.174443783592887	 0.954717994386265
418.918914794922	 40	 0.495872182179571	 0.66265935699072
418.918914794922	 45	 0.467858998500466	 0.684002191882794
418.918914794922	 50	 0.433891673302815	 0.708071362133398
418.918914794922	 55	 0.392812503996281	 0.734909547818989
418.918914794922	 60	 0.343296165440488	 0.764547737362601
418.918914794922	 65	 0.284138077081096	 0.79699993773946
418.918914794922	 70	 0.2153533982307	 0.832257321408353
418.918914794922	 75	 0.142168115351578	 0.870281891767104
418.918914794922	 80	 0.090542576433886	 0.910999799151355
418.918914794922	 85	 0.177284158933075	 0.954294497947663
421.768707275391	 40	 0.493024539517264	 0.660427489627528
421.768707275391	 45	 0.464955855548642	 0.681876715798862
421.768707275391	 50	 0.430943711124854	 0.706072189147592
421.768707275391	 55	 0.389846547020114	 0.733058858790424
421.768707275391	 60	 0.340368764619598	 0.762870079455332
421.768707275391	 65	 0.281361924168045	 0.795522253725365
421.768707275391	 70	 0.21295016862062	 0.831008894096456
421.768707275391	 75	 0.140574054533421	 0.869294185361962
421.768707275391	 80	 0.0905870475462073	 0.910306178959024
421.768707275391	 85	 0.180055282772095	 0.953929810749205
424.657531738281	 40	 0.490338913391709	 0.658318090792725
424.657531738281	 45	 0.462219800704689	 0.679867487606731
424.657531738281	 50	 0.428168258541621	 0.704181953996835
424.657531738281	 55	 0.3870584454858	 0.731308605357318
424.657531738281	 60	 0.337623578268346	 0.761283059534494
424.657531738281	 65	 0.278769413312337	 0.794124015249575
424.657531738281	 70	 0.210724845853993	 0.829827234121639
424.657531738281	 75	 0.139135531806808	 0.868359005475772
424.657531738281	 80	 0.0907269599231811	 0.909649225087011
424.657531738281	 85	 0.182791000933884	 0.953584280066019
427.586181640625	 40	 0.487273572839065	 0.655903337405783
427.586181640625	 45	 0.459096183578951	 0.677566368394234
427.586181640625	 50	 0.424997612957214	 0.702016085735724
427.586181640625	 55	 0.383868886651727	 0.729302144845858
427.586181640625	 60	 0.334474122796959	 0.759462817214932
427.586181640625	 65	 0.275777054157939	 0.792519493826822
427.586181640625	 70	 0.208118116859858	 0.828470573222851
427.586181640625	 75	 0.137359669724354	 0.867284811939401
427.586181640625	 80	 0.0906149227898483	 0.908894268022516
427.586181640625	 85	 0.185397685512168	 0.953187030814812
430.555541992188	 40	 0.484441393461731	 0.653666977029204
430.555541992188	 45	 0.456212125493913	 0.67543476775623
430.555541992188	 50	 0.42207298232006	 0.700009272245259
430.555541992188	 55	 0.380931019201133	 0.727442525651759
430.555541992188	 60	 0.331579593581472	 0.757775289968387
430.555541992188	 65	 0.273037069409791	 0.79103148830029
430.555541992188	 70	 0.205748521679357	 0.827212005951743
430.555541992188	 75	 0.135778441260434	 0.866287934586652
430.555541992188	 80	 0.0905979516324344	 0.90819338962807
430.555541992188	 85	 0.187907213671548	 0.952818094890945
433.566436767578	 40	 0.481654563135354	 0.651461267072383
433.566436767578	 45	 0.453375810671466	 0.67333187260924
433.566436767578	 50	 0.419198927533461	 0.69802895815871
433.566436767578	 55	 0.37804699849774	 0.725606935145065
433.566436767578	 60	 0.328742512700112	 0.756109056039204
433.566436767578	 65	 0.270358060703401	 0.789561780519121
433.566436767578	 70	 0.203442137225641	 0.825968490578494
433.566436767578	 75	 0.134257858799956	 0.865302629306409
433.566436767578	 80	 0.0906243629126315	 0.907500392877918
433.566436767578	 85	 0.190406132512497	 0.952453170452227
436.619720458984	 40	 0.478620064630541	 0.649052267014832
436.619720458984	 45	 0.450286778058306	 0.671034110949887
436.619720458984	 50	 0.416066854761214	 0.695864090784504
436.619720458984	 55	 0.374899804152765	 0.723599274406095
436.619720458984	 60	 0.325637940688322	 0.754285698773795
436.619720458984	 65	 0.267409230010841	 0.787952659777259
436.619720458984	 70	 0.200867281486312	 0.824606331100544
436.619720458984	 75	 0.132475527964185	 0.864222785187654
436.619720458984	 80	 0.0903993446099595	 0.906740545267574
436.619720458984	 85	 0.192656376473783	 0.952052864050243
439.71630859375	 40	 0.476374741559149	 0.647267897177548
439.71630859375	 45	 0.44800593297601	 0.669332453251752
439.71630859375	 50	 0.413762450085599	 0.694261116391414
439.71630859375	 55	 0.372598120611425	 0.722112902570503
439.71630859375	 60	 0.323391036438312	 0.752935899166739
439.71630859375	 65	 0.265316754888391	 0.786761501413461
439.71630859375	 70	 0.199118934942311	 0.823597963057022
439.71630859375	 75	 0.131432317137303	 0.863423332792978
439.71630859375	 80	 0.0907169949465089	 0.906177904614909
439.71630859375	 85	 0.195096328030437	 0.951756377924146
442.857147216797	 40	 0.473862420589731	 0.6452659146955
442.857147216797	 45	 0.445452659124424	 0.66742239932776
442.857147216797	 50	 0.411180094793701	 0.692460972749914
442.857147216797	 55	 0.370013456213753	 0.720442887384261
442.857147216797	 60	 0.320857655714638	 0.751418583441484
442.857147216797	 65	 0.262937667116819	 0.785421863529603
442.857147216797	 70	 0.197090260132254	 0.822463364527453
442.857147216797	 75	 0.130126031748785	 0.862523396673627
442.857147216797	 80	 0.0908037978273404	 0.905544277213117
442.857147216797	 85	 0.197346870295311	 0.951422354891064
446.043182373047	 40	 0.471913225345306	 0.643711013813375
446.043182373047	 45	 0.443474812366323	 0.66593904553369
446.043182373047	 50	 0.409184983977356	 0.691063090552085
446.043182373047	 55	 0.368025369233326	 0.719146128826858
446.043182373047	 60	 0.318923964322661	 0.75024042356682
446.043182373047	 65	 0.261148098802727	 0.784381649771177
446.043182373047	 70	 0.195614118687569	 0.821582306849057
446.043182373047	 75	 0.129282542976751	 0.861824483801612
446.043182373047	 80	 0.0911653403789127	 0.905052103437091
446.043182373047	 85	 0.199553059871212	 0.951162841962079
449.275360107422	 40	 0.469157256290476	 0.641505064216357
449.275360107422	 45	 0.440674428252446	 0.663833132837196
449.275360107422	 50	 0.406352518793766	 0.689077093980302
449.275360107422	 55	 0.365188796733502	 0.717302464729796
449.275360107422	 60	 0.316139308412421	 0.748564180291523
449.275360107422	 65	 0.258522796251779	 0.78290065288454
449.275360107422	 70	 0.193351743235384	 0.820327095470129
449.275360107422	 75	 0.127766130724994	 0.860828176986825
449.275360107422	 80	 0.0910763676960701	 0.904350134700396
449.275360107422	 85	 0.20165297306837	 0.950792540554126
452.554748535156	 40	 0.467359518406359	 0.640065821770839
452.554748535156	 45	 0.43885290238606	 0.662459736426343
452.554748535156	 50	 0.404519125731678	 0.687782425860945
452.554748535156	 55	 0.36336810626118	 0.716101027345794
452.554748535156	 60	 0.314378377218875	 0.747472191166935
452.554748535156	 65	 0.256909684338575	 0.781936097847526
452.554748535156	 70	 0.192051026184049	 0.819509727771136
452.554748535156	 75	 0.127085249045808	 0.860179448340877
452.554748535156	 80	 0.0915597041613303	 0.903893043274732
452.554748535156	 85	 0.203883970797353	 0.950551380760594
455.882354736328	 40	 0.464898693895353	 0.638088894792678
455.882354736328	 45	 0.436355120022794	 0.660571812918773
455.882354736328	 50	 0.401996647631412	 0.686001328061928
455.882354736328	 55	 0.360847755435512	 0.714446887995982
455.882354736328	 60	 0.311912930498113	 0.745967582426276
455.882354736328	 65	 0.254599200213343	 0.780606098436127
455.882354736328	 70	 0.190083378512393	 0.818381910720559
455.882354736328	 75	 0.125810752791845	 0.859283769935334
455.882354736328	 80	 0.091594025384333	 0.903261612792482
455.882354736328	 85	 0.205889457356711	 0.950218090916398
459.259246826172	 40	 0.462442881130425	 0.636111558149285
459.259246826172	 45	 0.433863303489768	 0.658683006832397
459.259246826172	 50	 0.399481246569103	 0.684218895770881
459.259246826172	 55	 0.358335718869589	 0.712791012010492
459.259246826172	 60	 0.309457039589515	 0.744460917490175
459.259246826172	 65	 0.252299157386952	 0.779273842526268
459.259246826172	 70	 0.188125707726468	 0.817251796212504
459.259246826172	 75	 0.124541721991814	 0.858385955197284
459.259246826172	 80	 0.0916182207422646	 0.902628453445338
459.259246826172	 85	 0.20784634333357	 0.949883770246275
462.686553955078	 40	 0.460018465081644	 0.634154934601815
462.686553955078	 45	 0.431403892219079	 0.656813437909943
462.686553955078	 50	 0.396999021647276	 0.682454061446955
462.686553955078	 55	 0.355857038078215	 0.711150938759124
462.686553955078	 60	 0.307033409447704	 0.742968113593415
462.686553955078	 65	 0.250027637010136	 0.777953371632715
462.686553955078	 70	 0.186187327189735	 0.816131271186995
462.686553955078	 75	 0.123271146822071	 0.857495432416385
462.686553955078	 80	 0.0915959875487894	 0.902000206653834
462.686553955078	 85	 0.209677327289529	 0.949551923327609
466.165405273438	 40	 0.457386262550204	 0.632025472385389
466.165405273438	 45	 0.42873437221029	 0.65477810914102
466.165405273438	 50	 0.394305367717301	 0.680532133044444
466.165405273438	 55	 0.353167667806006	 0.709364266777046
466.165405273438	 60	 0.304403703951043	 0.741341294846988
466.165405273438	 65	 0.247561676611322	 0.776513827684262
466.165405273438	 70	 0.184078617900327	 0.814909244831199
466.165405273438	 75	 0.121875882342992	 0.85652387470359
466.165405273438	 80	 0.0915279799006394	 0.901314531322888
466.165405273438	 85	 0.211566341965454	 0.94918960576269
469.696960449219	 40	 0.455973968176224	 0.630883682681669
469.696960449219	 45	 0.427307398382425	 0.653687538800018
469.696960449219	 50	 0.39287486561055	 0.679503015141775
469.696960449219	 55	 0.351755531085356	 0.708408177349744
469.696960449219	 60	 0.30305067114611	 0.740471240403202
469.696960449219	 65	 0.246342367679761	 0.775744300643327
469.696960449219	 70	 0.183129831600333	 0.814256236493178
469.696960449219	 75	 0.121447819306432	 0.856004833853994
469.696960449219	 80	 0.0920502608357785	 0.900948255470245
469.696960449219	 85	 0.213455472979931	 0.948996051566131
473.282470703125	 40	 0.453631431369332	 0.628982445006379
473.282470703125	 45	 0.424934291926508	 0.651869842780373
473.282470703125	 50	 0.390484240590279	 0.67778606071742
473.282470703125	 55	 0.349374659004802	 0.706811504417673
473.282470703125	 60	 0.300731853533651	 0.739016871718286
473.282470703125	 65	 0.244182872579672	 0.774456825243433
473.282470703125	 70	 0.181309020270483	 0.813162815622009
473.282470703125	 75	 0.120293237349483	 0.855135109291786
473.282470703125	 80	 0.0921202948484657	 0.900334138927573
473.282470703125	 85	 0.215301282228017	 0.948671373792609
476.923095703125	 40	 0.453328650820506	 0.628742093341622
476.923095703125	 45	 0.424637226017966	 0.651641946177474
476.923095703125	 50	 0.390202362505655	 0.677572589056831
476.923095703125	 55	 0.34912426524899	 0.706614609598724
476.923095703125	 60	 0.300541005912361	 0.738838914028795
476.923095703125	 65	 0.244100617361703	 0.77430040057963
476.923095703125	 70	 0.18142294005225	 0.813030782025005
476.923095703125	 75	 0.120761721387139	 0.855030610343746
476.923095703125	 80	 0.0932137436691002	 0.900260620495916
476.923095703125	 85	 0.217249120080355	 0.94863258952422
480.620178222656	 40	 0.450989275657878	 0.626838234935273
480.620178222656	 45	 0.422267412031931	 0.649821061548431
480.620178222656	 50	 0.387814647025227	 0.675851937158267
480.620178222656	 55	 0.346744933337872	 0.705013832168865
480.620178222656	 60	 0.298220482491904	 0.737380182327759
480.620178222656	 65	 0.241932538427429	 0.773008501743594
480.620178222656	 70	 0.179579407541279	 0.811933126670126
480.620178222656	 75	 0.119555284656102	 0.854157140973516
480.620178222656	 80	 0.0931722380604765	 0.899643599016795
480.620178222656	 85	 0.21888298631415	 0.948306242203136
484.375	 40	 0.449551515939483	 0.62566878739224
484.375	 45	 0.420815937655266	 0.648703273966815
484.375	 50	 0.386360948984911	 0.674796320444401
484.375	 55	 0.345311315442298	 0.704032318577909
484.375	 60	 0.296848090981085	 0.736486221322046
484.375	 65	 0.240696120900533	 0.772217122729816
484.375	 70	 0.178614709069209	 0.811260957593154
484.375	 75	 0.119107484129285	 0.853622370122347
484.375	 80	 0.0936539576575627	 0.899265866172667
484.375	 85	 0.220670052073448	 0.948106444730617
488.188995361328	 40	 0.447797619630035	 0.624238306673566
488.188995361328	 45	 0.419042803266453	 0.647335155283917
488.188995361328	 50	 0.384580309839735	 0.673503491424487
488.188995361328	 55	 0.343546575086573	 0.702829494650062
488.188995361328	 60	 0.295143007020068	 0.735390022606267
488.188995361328	 65	 0.239130696946531	 0.771246147793205
488.188995361328	 70	 0.177334487310773	 0.810435800229381
488.188995361328	 75	 0.118374750618437	 0.852965563494956
488.188995361328	 80	 0.0939076013948364	 0.89880173740623
488.188995361328	 85	 0.222312264931345	 0.947860862692783
492.063507080078	 40	 0.445920582163175	 0.622704408408885
492.063507080078	 45	 0.417145109385481	 0.645867718178793
492.063507080078	 50	 0.382674148125093	 0.672116399536842
492.063507080078	 55	 0.341656317362731	 0.701538572934991
492.063507080078	 60	 0.293314245569333	 0.734213164323245
492.063507080078	 65	 0.237446733836867	 0.770203395096681
492.063507080078	 70	 0.175946594833577	 0.809549362898809
492.063507080078	 75	 0.117554679866638	 0.852259758813
492.063507080078	 80	 0.0941076683746648	 0.898302832861797
492.063507080078	 85	 0.223942522855151	 0.947596802852933
496	 40	 0.444229726645773	 0.621320870092806
496	 45	 0.415437040890366	 0.644544056593781
496	 50	 0.380960690277213	 0.670865126081147
496	 55	 0.339960741195244	 0.700373953109173
496	 60	 0.291679706047317	 0.73315133565319
496	 65	 0.235951636380074	 0.769262443617281
496	 70	 0.174732734558115	 0.80874934457951
496	 75	 0.116875873140227	 0.851622650449088
496	 80	 0.0943843723497448	 0.897852395629299
496	 85	 0.225546732659653	 0.947358341285221
500	 40	 0.442384347522005	 0.619807523948302
500	 45	 0.413572009281447	 0.643095645515849
500	 50	 0.379087910883661	 0.669495373177667
500	 55	 0.33810391008073	 0.69909853310716
500	 60	 0.289882988407943	 0.731988005326353
500	 65	 0.234295416484615	 0.768231125634607
500	 70	 0.173362300953927	 0.807872149608644
500	 75	 0.116050552494687	 0.850923820370257
500	 80	 0.094531447166675	 0.897358149355078
500	 85	 0.22704309973429	 0.947096604325308
504.065032958984	 40	 0.441016661016656	 0.618685784994785
504.065032958984	 45	 0.412192745597252	 0.64202238714647
504.065032958984	 50	 0.377708088848971	 0.668480717109923
504.065032958984	 55	 0.336744629644315	 0.698154026036267
504.065032958984	 60	 0.288582771053264	 0.731126719303589
504.065032958984	 65	 0.233123532162339	 0.767467726258547
504.065032958984	 70	 0.172443074099995	 0.807222920938042
504.065032958984	 75	 0.115605045581346	 0.850406633791059
504.065032958984	 80	 0.0949225503857899	 0.896992362345527
504.065032958984	 85	 0.228576464457212	 0.946902874463153
508.196716308594	 40	 0.438803455822986	 0.616863764707346
508.196716308594	 45	 0.409955299318506	 0.640277517423895
508.196716308594	 50	 0.375459442443236	 0.666829578799539
508.196716308594	 55	 0.334511029604501	 0.696615609940248
508.196716308594	 60	 0.286413340425928	 0.729722587750593
508.196716308594	 65	 0.231107714367439	 0.766222116886463
508.196716308594	 70	 0.170742108714368	 0.806162773908735
508.196716308594	 75	 0.114505048545389	 0.849561521306364
508.196716308594	 80	 0.0948902141018775	 0.896394297776448
508.196716308594	 85	 0.230018278671793	 0.946585978110022
512.396667480469	 40	 0.43779799347653	 0.616038091201922
512.396667480469	 45	 0.408944648781843	 0.639487801902306
512.396667480469	 50	 0.374454045671301	 0.666083221703936
512.396667480469	 55	 0.333530138956821	 0.695921043121934
512.396667480469	 60	 0.28549133995548	 0.729089353049542
512.396667480469	 65	 0.230305575182265	 0.765660923502278
512.396667480469	 70	 0.170168244892179	 0.805685526525737
512.396667480469	 75	 0.114350919646273	 0.849181309465004
512.396667480469	 80	 0.0954673995504499	 0.89612533572151
512.396667480469	 85	 0.231571570004219	 0.946443483530521
516.666625976563	 40	 0.436085776277699	 0.614625665956964
516.666625976563	 45	 0.407216463545365	 0.638135145204654
516.666625976563	 50	 0.372721737660455	 0.664803158114121
516.666625976563	 55	 0.331816768471014	 0.694728266344288
516.666625976563	 60	 0.283839295875359	 0.728000556702248
516.666625976563	 65	 0.228791173096324	 0.76469488884903
516.666625976563	 70	 0.16892799140916	 0.804863152576008
516.666625976563	 75	 0.11362553454485	 0.848525568822164
516.666625976563	 80	 0.0956463109071286	 0.895661138091772
516.666625976563	 85	 0.232976627410116	 0.94619742827991
521.008361816406	 40	 0.434686924162573	 0.613470993620943
521.008361816406	 45	 0.405806559280002	 0.637029480699286
521.008361816406	 50	 0.371311848436289	 0.663756956496255
521.008361816406	 55	 0.330427949925838	 0.693753501236015
521.008361816406	 60	 0.282509763662764	 0.727110830135272
521.008361816406	 65	 0.22758919940987	 0.763905507404561
521.008361816406	 70	 0.167975102424186	 0.804191157958924
521.008361816406	 75	 0.11313534055872	 0.847989709207111
521.008361816406	 80	 0.0959630266660874	 0.89528176519096
521.008361816406	 85	 0.234374318628478	 0.945996304427029
525.423767089844	 40	 0.433222745869592	 0.61226051560138
525.423767089844	 45	 0.404330817917361	 0.635870126611843
525.423767089844	 50	 0.369835932641343	 0.6626596990303
525.423767089844	 55	 0.328973534546565	 0.692730919730092
525.423767089844	 60	 0.28111617367046	 0.726177227197192
525.423767089844	 65	 0.226326620405437	 0.763076989902367
525.423767089844	 70	 0.166968258418989	 0.803485669821423
525.423767089844	 75	 0.112602883093889	 0.84742700157833
525.423767089844	 80	 0.0962557577792955	 0.894883288029951
525.423767089844	 85	 0.235768511998831	 0.945785002969616
529.91455078125	 40	 0.432257593982674	 0.61146363608755
529.91455078125	 45	 0.403361502115962	 0.635107472886252
529.91455078125	 50	 0.368872608650282	 0.661938428915477
529.91455078125	 55	 0.328034767588652	 0.692059213794241
529.91455078125	 60	 0.280234892017879	 0.725564368730656
529.91455078125	 65	 0.225560816439441	 0.762533424405603
529.91455078125	 70	 0.166420241044734	 0.803023036031037
529.91455078125	 75	 0.112451445233546	 0.84705812456862
529.91455078125	 80	 0.0967869219631404	 0.894622123635642
529.91455078125	 85	 0.237192561830777	 0.945646521916753
534.482788085938	 40	 0.430482204049467	 0.609990973368993
534.482788085938	 45	 0.401570870098162	 0.633696197004654
534.482788085938	 50	 0.367079130216144	 0.660601942028327
534.482788085938	 55	 0.326262326026088	 0.690812920493341
534.482788085938	 60	 0.2785270550584	 0.72442582035189
534.482788085938	 65	 0.223995457591406	 0.761522418232739
534.482788085938	 70	 0.165135519651862	 0.802161653699426
534.482788085938	 75	 0.111688395943037	 0.846370691740025
534.482788085938	 80	 0.0969289481533751	 0.894135071371182
534.482788085938	 85	 0.238540055628189	 0.945388129529729
539.130432128906	 40	 0.428812174026328	 0.608603143262972
539.130432128906	 45	 0.399886613598234	 0.632365885858997
539.130432128906	 50	 0.365392123925828	 0.659341794374506
539.130432128906	 55	 0.324594679576431	 0.68963748725967
539.130432128906	 60	 0.276919072363344	 0.723351697099502
539.130432128906	 65	 0.222519088243114	 0.760568340567451
539.130432128906	 70	 0.16391816594702	 0.801348534890219
539.130432128906	 75	 0.110951673538204	 0.845721585451464
539.130432128906	 80	 0.0970237308221564	 0.893675040860254
539.130432128906	 85	 0.239738414381575	 0.945144004055632
543.859680175781	 40	 0.427558376537797	 0.607561330837663
543.859680175781	 45	 0.398625092457984	 0.6313676365304
543.859680175781	 50	 0.364133675263312	 0.65839654898214
543.859680175781	 55	 0.323359399427835	 0.688756093767305
543.859680175781	 60	 0.275742906725359	 0.722546517690065
543.859680175781	 65	 0.221465498452084	 0.759853329025304
543.859680175781	 70	 0.163098824514831	 0.800739273243295
543.859680175781	 75	 0.110560239026136	 0.845235267041287
543.859680175781	 80	 0.0973657870795108	 0.893330385550786
543.859680175781	 85	 0.241036662019436	 0.94496109048618
548.672546386719	 40	 0.426055891365598	 0.606310028202548
548.672546386719	 45	 0.397111809040622	 0.630168079991855
548.672546386719	 50	 0.362621103994875	 0.657260122203093
548.672546386719	 55	 0.321869263315724	 0.687695904912872
548.672546386719	 60	 0.274314333285999	 0.721577528612101
548.672546386719	 65	 0.220167779501471	 0.758992447055201
548.672546386719	 70	 0.162053919749388	 0.800005392039929
548.672546386719	 75	 0.109979148076562	 0.844649240872723
548.672546386719	 80	 0.0975799685001205	 0.892914919791235
548.672546386719	 85	 0.24229055361135	 0.94474053034552
553.571411132813	 40	 0.425371539265908	 0.605742617500587
553.571411132813	 45	 0.396427811390879	 0.62962513560918
553.571411132813	 50	 0.361946821347091	 0.65674670061267
553.571411132813	 55	 0.321221242415645	 0.687217783327527
553.571411132813	 60	 0.273721284270999	 0.721141267474207
553.571411132813	 65	 0.219679459134436	 0.758605440300769
553.571411132813	 70	 0.16175695886368	 0.799675899553194
553.571411132813	 75	 0.110022973143074	 0.844386396243077
553.571411132813	 80	 0.0981988350371197	 0.892728705240014
553.571411132813	 85	 0.243634764534015	 0.944641709689143
558.558532714844	 40	 0.423578230746844	 0.604244224037384
558.558532714844	 45	 0.394619965197211	 0.628187842287011
558.558532714844	 50	 0.36013646115404	 0.65538419779266
558.558532714844	 55	 0.31943142764983	 0.685945877663419
558.558532714844	 60	 0.271993864093468	 0.719978038775181
558.558532714844	 65	 0.218088747760739	 0.75757135152136
558.558532714844	 70	 0.160433633272631	 0.798793843216267
558.558532714844	 75	 0.109192107738701	 0.843681658222091
558.558532714844	 80	 0.0982112207713372	 0.892228825078235
558.558532714844	 85	 0.244751186844994	 0.944376215947119
563.636352539063	 40	 0.422608014380996	 0.603434944260374
563.636352539063	 45	 0.393646178386426	 0.627412287404723
563.636352539063	 50	 0.359168887832645	 0.6546496804653
563.636352539063	 55	 0.318487819803686	 0.685260808934332
563.636352539063	 60	 0.271105463988505	 0.719352016502608
563.636352539063	 65	 0.217310067806239	 0.757015227255224
563.636352539063	 70	 0.15985967185792	 0.79831975892193
563.636352539063	 75	 0.108986001652511	 0.84330304266624
563.636352539063	 80	 0.0986265295149775	 0.891960338322675
563.636352539063	 85	 0.245955950601745	 0.944233629493217
568.807312011719	 40	 0.421047832321872	 0.602128850868616
568.807312011719	 45	 0.392075593768484	 0.626159399648751
568.807312011719	 50	 0.357599744712811	 0.65346190886213
568.807312011719	 55	 0.316942331063788	 0.684151910581724
568.807312011719	 60	 0.269623426255825	 0.718337736496459
568.807312011719	 65	 0.21596155939902	 0.756113400737158
568.807312011719	 70	 0.15876718376172	 0.797550359189353
568.807312011719	 75	 0.108359444403698	 0.842688158529994
568.807312011719	 80	 0.0987906693993161	 0.891524062151267
568.807312011719	 85	 0.247138851279208	 0.944001836525437
574.074035644531	 40	 0.419963777205242	 0.60122165937977
574.074035644531	 45	 0.390987018574193	 0.625289547789017
574.074035644531	 50	 0.356516884681164	 0.652637621651477
574.074035644531	 55	 0.315883829969871	 0.683382671723426
574.074035644531	 60	 0.268622137365175	 0.717634389371702
574.074035644531	 65	 0.215074768985222	 0.755488224358386
574.074035644531	 70	 0.158094476334003	 0.797017109227769
574.074035644531	 75	 0.108071029946468	 0.842262061778736
574.074035644531	 80	 0.0991490150667061	 0.891221751302964
574.074035644531	 85	 0.248315399081572	 0.943841211211028
579.439208984375	 40	 0.418867859906775	 0.600303302103519
579.439208984375	 45	 0.389886349666795	 0.624408800119598
579.439208984375	 50	 0.355421549060459	 0.651802820644052
579.439208984375	 55	 0.314812223780802	 0.682603439753912
579.439208984375	 60	 0.267606689664193	 0.716921737211177
579.439208984375	 65	 0.214172003796659	 0.754854628566824
579.439208984375	 70	 0.157402538586717	 0.796476553760503
579.439208984375	 75	 0.107757313803394	 0.841830031930809
579.439208984375	 80	 0.0994707280480314	 0.890915166632931
579.439208984375	 85	 0.249439358394789	 0.943678283170849
584.905700683594	 40	 0.41740841967883	 0.599076834913755
584.905700683594	 45	 0.388417800002406	 0.623231738603231
584.905700683594	 50	 0.353954937350767	 0.650686367355577
584.905700683594	 55	 0.313368161771719	 0.681560563369671
584.905700683594	 60	 0.266221949489133	 0.715967310107922
584.905700683594	 65	 0.212911058731575	 0.754005527260295
584.905700683594	 70	 0.156377504103204	 0.795751708227421
584.905700683594	 75	 0.107158991523682	 0.841250407659021
584.905700683594	 80	 0.0995910860831602	 0.890503661541204
584.905700683594	 85	 0.250476042955785	 0.943459520684039
590.476196289063	 40	 0.416132380567396	 0.598003792748817
590.476196289063	 45	 0.38713536003717	 0.622202025098898
590.476196289063	 50	 0.352676821561054	 0.649709761379384
590.476196289063	 55	 0.312114074381512	 0.680648382043302
590.476196289063	 60	 0.265026730948182	 0.715132531539101
590.476196289063	 65	 0.211835455407296	 0.753262881993349
590.476196289063	 70	 0.155526774994064	 0.795117727258614
590.476196289063	 75	 0.106711831819981	 0.840743412840018
590.476196289063	 80	 0.0998199648972828	 0.890143682546246
590.476196289063	 85	 0.251557290989316	 0.943268121775946
596.153869628906	 40	 0.41513380352638	 0.597164008257895
596.153869628906	 45	 0.386133425611319	 0.621396351462832
596.153869628906	 50	 0.351681114739635	 0.648945824241452
596.153869628906	 55	 0.311141911024747	 0.679934998197077
596.153869628906	 60	 0.264108427968772	 0.714479806849319
596.153869628906	 65	 0.211023552540727	 0.752682286222093
596.153869628906	 70	 0.154911980457994	 0.794622136420397
596.153869628906	 75	 0.106447805418205	 0.840347108006853
596.153869628906	 80	 0.100140251095646	 0.88986229256694
596.153869628906	 85	 0.252605036818166	 0.943118496429265
601.941772460938	 40	 0.414068514984533	 0.596266877799408
601.941772460938	 45	 0.385064251166339	 0.620535455204889
601.941772460938	 50	 0.35061793002443	 0.648129321231498
601.941772460938	 55	 0.310102599733211	 0.679172332161646
601.941772460938	 60	 0.26312433117622	 0.713781811549135
601.941772460938	 65	 0.210148982738484	 0.75206126570352
601.941772460938	 70	 0.154240617026579	 0.794091910031955
601.941772460938	 75	 0.106138024997388	 0.839923008246036
601.941772460938	 80	 0.100431966909462	 0.88956110229565
601.941772460938	 85	 0.253644879736016	 0.942958311030996
607.843139648438	 40	 0.412964119661131	 0.595335214316346
607.843139648438	 45	 0.383955109937739	 0.619641113821331
607.843139648438	 50	 0.349513596522936	 0.647280796739599
607.843139648438	 55	 0.309020484962963	 0.678379471825951
607.843139648438	 60	 0.26209504459354	 0.713055925151482
607.843139648438	 65	 0.209225630758241	 0.75141520868431
607.843139648438	 70	 0.153514757071401	 0.793540129026949
607.843139648438	 75	 0.105764133142497	 0.83948153648785
607.843139648438	 80	 0.100643259737507	 0.889247490834649
607.843139648438	 85	 0.254585252583157	 0.942791480826514
613.861389160156	 40	 0.411827718219716	 0.594375790012792
613.861389160156	 45	 0.382814584375504	 0.618720117965711
613.861389160156	 50	 0.348379249352954	 0.646406968942994
613.861389160156	 55	 0.307910963312993	 0.67756294433757
613.861389160156	 60	 0.261042991210318	 0.712308337689141
613.861389160156	 65	 0.208287512740276	 0.750749796100464
613.861389160156	 70	 0.152787707588113	 0.792971770801465
613.861389160156	 75	 0.105411698980508	 0.839026755094775
613.861389160156	 80	 0.100911546838638	 0.88892438439219
613.861389160156	 85	 0.255621724649354	 0.942619574414936
620	 40	 0.41084481873143	 0.593545441900382
620	 45	 0.381828906956931	 0.617923059091446
620	 50	 0.34740022210364	 0.645650752934676
620	 55	 0.306955522867537	 0.676856327806685
620	 60	 0.260140648047957	 0.711661380926218
620	 65	 0.207489154648484	 0.750173940863875
620	 70	 0.152180669317558	 0.792479885705687
620	 75	 0.105142736882541	 0.838633137361558
620	 80	 0.101200792391861	 0.888644705228774
620	 85	 0.256596725108812	 0.942470754297076
626.262634277344	 40	 0.409636495444013	 0.592522803320087
626.262634277344	 45	 0.380616263038765	 0.616941053131305
626.262634277344	 50	 0.346194003014621	 0.6447187086545
626.262634277344	 55	 0.305775161200481	 0.67598507774775
626.262634277344	 60	 0.259020117787667	 0.710863385823799
626.262634277344	 65	 0.206487115119999	 0.749463385119182
626.262634277344	 70	 0.151397749021219	 0.791872731705005
626.262634277344	 75	 0.104747679078985	 0.838147124638749
626.262634277344	 80	 0.10144584952122	 0.888299278710809
626.262634277344	 85	 0.257629983778697	 0.942286904782042
632.653076171875	 40	 0.408805804555781	 0.591819986231495
632.653076171875	 45	 0.379784283382762	 0.616266406177362
632.653076171875	 50	 0.345369358753521	 0.644078613759839
632.653076171875	 55	 0.304973179956976	 0.67538693473254
632.653076171875	 60	 0.258267322111052	 0.710315699705859
632.653076171875	 65	 0.205829012673415	 0.748975834795072
632.653076171875	 70	 0.15091212863081	 0.791456211997159
632.653076171875	 75	 0.104564742310673	 0.837813752137655
632.653076171875	 80	 0.101759636049237	 0.888062350461264
632.653076171875	 85	 0.258546553644165	 0.942160797893693
639.175231933594	 40	 0.407749194761296	 0.590924320894266
639.175231933594	 45	 0.378724865774272	 0.61540626075323
639.175231933594	 50	 0.344317083942625	 0.643262151006182
639.175231933594	 55	 0.303945884010311	 0.674623637527691
639.175231933594	 60	 0.257296007880524	 0.709616482606644
639.175231933594	 65	 0.204966980800525	 0.748353130628213
639.175231933594	 70	 0.150250485490836	 0.790924023037714
639.175231933594	 75	 0.104255691732547	 0.837387653516487
639.175231933594	 80	 0.102029312975535	 0.887759431802225
639.175231933594	 85	 0.2595214394025	 0.94199952810497
645.833374023438	 40	 0.406689257149688	 0.590024888687194
645.833374023438	 45	 0.37766236500632	 0.614542402935973
645.833374023438	 50	 0.343262088032775	 0.642442065895106
645.833374023438	 55	 0.302916397872087	 0.673856854482911
645.833374023438	 60	 0.256323274288854	 0.708913975194495
645.833374023438	 65	 0.204104631210647	 0.747727404805669
645.833374023438	 70	 0.149590045935708	 0.790389169822271
645.833374023438	 75	 0.103949763922034	 0.836959353661221
645.833374023438	 80	 0.1023038876323	 0.887454898319389
645.833374023438	 85	 0.260500666556765	 0.941837371370745
652.631591796875	 40	 0.40572017449377	 0.58920175007871
652.631591796875	 45	 0.376691207505681	 0.613751747456315
652.631591796875	 50	 0.342298172160197	 0.641691396573911
652.631591796875	 55	 0.301976341628237	 0.673154896609715
652.631591796875	 60	 0.255435860365231	 0.708270780905605
652.631591796875	 65	 0.203319190158853	 0.747154434938451
652.631591796875	 70	 0.148990631313466	 0.789899343360644
652.631591796875	 75	 0.103676252033877	 0.836567053292524
652.631591796875	 80	 0.102562776458874	 0.887175919058876
652.631591796875	 85	 0.261403236052567	 0.941688798160736
659.574462890625	 40	 0.404776924323413	 0.588399472552501
659.574462890625	 45	 0.37574563982063	 0.612980945723952
659.574462890625	 50	 0.341359030371342	 0.640959394706588
659.574462890625	 55	 0.30105925964732	 0.672470220909283
659.574462890625	 60	 0.254567944590006	 0.707643262533633
659.574462890625	 65	 0.202546900794561	 0.746595289988314
659.574462890625	 70	 0.148393064860379	 0.789421220831116
659.574462890625	 75	 0.103384796382201	 0.836184039677882
659.574462890625	 80	 0.102770836608553	 0.886903486774766
659.574462890625	 85	 0.262215265894575	 0.941543684045337
666.666687011719	 40	 0.403802524726033	 0.587570228774463
666.666687011719	 45	 0.374769575564661	 0.612184266021809
666.666687011719	 50	 0.340390810581174	 0.640202839786445
666.666687011719	 55	 0.30011577798105	 0.671762591855284
666.666687011719	 60	 0.253678373131223	 0.706994708092302
666.666687011719	 65	 0.201761102768495	 0.74601739111073
666.666687011719	 70	 0.147795760671071	 0.788927042647921
666.666687011719	 75	 0.103116472114285	 0.835788139223678
666.666687011719	 80	 0.10303768281366	 0.886621863155209
666.666687011719	 85	 0.263124707821417	 0.941393656632314
673.913024902344	 40	 0.402825360029337	 0.58673781749158
673.913024902344	 45	 0.373790959978106	 0.61138446167539
673.913024902344	 50	 0.33942035430481	 0.639443232936979
673.913024902344	 55	 0.299170519398242	 0.671052022786341
673.913024902344	 60	 0.2527876888902	 0.706343375493808
673.913024902344	 65	 0.200975136146693	 0.745436938019204
673.913024902344	 70	 0.147199583176741	 0.78843060974255
673.913024902344	 75	 0.102850892506518	 0.835390373690027
673.913024902344	 80	 0.103308736556761	 0.886338869673905
673.913024902344	 85	 0.264037807091123	 0.941242875911005
681.318664550781	 40	 0.40194072105598	 0.585983552783042
681.318664550781	 45	 0.372905248830567	 0.610659683318431
681.318664550781	 50	 0.338542376072568	 0.638754818664332
681.318664550781	 55	 0.298315848053296	 0.670407986031583
681.318664550781	 60	 0.251983130102061	 0.705752964753473
681.318664550781	 65	 0.200266377933386	 0.744910715732371
681.318664550781	 70	 0.146664025650677	 0.787980501690869
681.318664550781	 75	 0.102616422204901	 0.835029678189012
681.318664550781	 80	 0.103561933977333	 0.886082214299845
681.318664550781	 85	 0.264872247568372	 0.941106108445306
688.888916015625	 40	 0.401082477679955	 0.585250824220944
688.888916015625	 45	 0.372045618850095	 0.609955423658233
688.888916015625	 50	 0.337689554694015	 0.638085720507821
688.888916015625	 55	 0.297484371810244	 0.669781855744161
688.888916015625	 60	 0.251198052008386	 0.705178819551957
688.888916015625	 65	 0.199570409511413	 0.744398860448417
688.888916015625	 70	 0.14612947415063	 0.787542576360534
688.888916015625	 75	 0.102362557220575	 0.834678665954531
688.888916015625	 80	 0.103762305454434	 0.885832397660527
688.888916015625	 85	 0.265614475170956	 0.940972960911249
696.629211425781	 40	 0.400222081470659	 0.584515615985434
696.629211425781	 45	 0.37118399723632	 0.609248715416225
696.629211425781	 50	 0.33683497686822	 0.637414228324775
696.629211425781	 55	 0.296651479653471	 0.669153416915721
696.629211425781	 60	 0.250412046518905	 0.704602490806102
696.629211425781	 65	 0.198874203182673	 0.743884995817875
696.629211425781	 70	 0.145595623037392	 0.787102875813972
696.629211425781	 75	 0.102110552699319	 0.834326184188271
696.629211425781	 80	 0.1039655690896	 0.885581500979166
696.629211425781	 85	 0.266359195113548	 0.94083921911867
704.545471191406	 40	 0.399426678455792	 0.583835714964501
704.545471191406	 45	 0.370388152943129	 0.608595229149168
704.545471191406	 50	 0.336046808638811	 0.636793357371972
704.545471191406	 55	 0.295885264412712	 0.668572394803118
704.545471191406	 60	 0.249692254375977	 0.704069675767586
704.545471191406	 65	 0.198242387091212	 0.743409944317192
704.545471191406	 70	 0.14512190900124	 0.786696389661247
704.545471191406	 75	 0.101910261033548	 0.834000321454126
704.545471191406	 80	 0.104205624793586	 0.885349539473151
704.545471191406	 85	 0.267119045398072	 0.94071556017465
712.643676757813	 40	 0.39853328294311	 0.583071356543717
712.643676757813	 45	 0.369494372228159	 0.607860487470734
712.643676757813	 50	 0.335161768677435	 0.636095205256081
712.643676757813	 55	 0.295024997107967	 0.667918970895836
712.643676757813	 60	 0.248884210166061	 0.703470388456006
712.643676757813	 65	 0.197533132137905	 0.742875555172637
712.643676757813	 70	 0.144589935274459	 0.786239067168593
712.643676757813	 75	 0.101684437771294	 0.833633653959811
712.643676757813	 80	 0.104471988249393	 0.885088494655737
712.643676757813	 85	 0.267964839690951	 0.940576377176851
720.930236816406	 40	 0.39785939652308	 0.582494080941479
720.930236816406	 45	 0.368819902722506	 0.607305444337943
720.930236816406	 50	 0.334493317251408	 0.635567669626767
720.930236816406	 55	 0.294374192977322	 0.667425106397867
720.930236816406	 60	 0.24827099210121	 0.703017326192614
720.930236816406	 65	 0.196991334231702	 0.742471456795265
720.930236816406	 70	 0.144176553736885	 0.785893165074358
720.930236816406	 75	 0.101492904595798	 0.833356260184041
720.930236816406	 80	 0.104636863647671	 0.884890968828556
720.930236816406	 85	 0.26854982884445	 0.94047104307432
729.411743164063	 40	 0.397058597632796	 0.581807921831734
729.411743164063	 45	 0.368019100519722	 0.606645778457018
729.411743164063	 50	 0.333700833035818	 0.634940756375992
729.411743164063	 55	 0.293604594326217	 0.666838256941748
729.411743164063	 60	 0.247549157616048	 0.702478998076412
729.411743164063	 65	 0.196359371836334	 0.741991330362592
729.411743164063	 70	 0.143705276680485	 0.785482193348346
729.411743164063	 75	 0.10129824497413	 0.833026682204174
729.411743164063	 80	 0.104885381194988	 0.884656274933244
729.411743164063	 85	 0.269316939079789	 0.940345879528813
738.095275878906	 40	 0.396381787478417	 0.581227266025868
738.095275878906	 45	 0.367341932627103	 0.606087396855522
738.095275878906	 50	 0.333030012050484	 0.63440995588769
738.095275878906	 55	 0.292951896596061	 0.66634124327265
738.095275878906	 60	 0.246934728181604	 0.702022956157782
738.095275878906	 65	 0.195817324131728	 0.741584488973223
738.095275878906	 70	 0.143292951184789	 0.785133866780836
738.095275878906	 75	 0.101109377076023	 0.832747280430671
738.095275878906	 80	 0.105054343173607	 0.884457272490214
738.095275878906	 85	 0.269905439921001	 0.9402397324676
746.987976074219	 40	 0.39557780333043	 0.580537336764888
746.987976074219	 45	 0.366538222358923	 0.605424002133152
746.987976074219	 50	 0.3322350230058	 0.633779390588803
746.987976074219	 55	 0.292180374914462	 0.665750865705237
746.987976074219	 60	 0.246211801676756	 0.701481284481016
746.987976074219	 65	 0.195185436035785	 0.741101279446387
746.987976074219	 70	 0.14282332288589	 0.784720165402887
746.987976074219	 75	 0.1009182850454	 0.832415437831136
746.987976074219	 80	 0.105308061506615	 0.884220910388443
746.987976074219	 85	 0.270676843628291	 0.940113648884551
756.097595214844	 40	 0.394800805473252	 0.579869678984744
756.097595214844	 45	 0.36576108628739	 0.604781850163669
756.097595214844	 50	 0.331465535198517	 0.633168847637241
756.097595214844	 55	 0.291432170263989	 0.665179074426752
756.097595214844	 60	 0.245508149889667	 0.700956520761681
756.097595214844	 65	 0.194565657726023	 0.74063302812901
756.097595214844	 70	 0.1423533607603	 0.78431916968393
756.097595214844	 75	 0.100705626067167	 0.832093712425501
756.097595214844	 80	 0.105506048148924	 0.883991707104688
756.097595214844	 85	 0.271353625479999	 0.939991362213799
765.432067871094	 40	 0.3941880416112	 0.579343129696868
765.432067871094	 45	 0.365148881612115	 0.60427550141646
765.432067871094	 50	 0.330860506147706	 0.632687501698303
765.432067871094	 55	 0.29084581866061	 0.664728347841654
765.432067871094	 60	 0.244960016333926	 0.700542918994371
765.432067871094	 65	 0.194088666481837	 0.740264006555985
765.432067871094	 70	 0.142002629690833	 0.784003174494099
765.432067871094	 75	 0.100570892565526	 0.831840193642034
765.432067871094	 80	 0.10571502440965	 0.883811094726662
765.432067871094	 85	 0.271959875468751	 0.939894995563388
775	 40	 0.393505589159842	 0.578755901936462
775	 45	 0.364466518861454	 0.603710625102336
775	 50	 0.330185141365909	 0.632150345660089
775	 55	 0.290189516958029	 0.664225199757643
775	 60	 0.244343326317759	 0.700081068890072
775	 65	 0.193546245809038	 0.739851814513519
775	 70	 0.14159248483496	 0.783650115258792
775	 75	 0.100387334293908	 0.831556869355488
775	 80	 0.10589202353712	 0.883609205710624
775	 85	 0.272555212724432	 0.939787258136606
784.810119628906	 40	 0.393505589159842	 0.578755901936462
784.810119628906	 45	 0.364466518861454	 0.603710625102336
784.810119628906	 50	 0.330185141365909	 0.632150345660089
784.810119628906	 55	 0.290189516958029	 0.664225199757643
784.810119628906	 60	 0.244343326317759	 0.700081068890072
784.810119628906	 65	 0.193546245809038	 0.739851814513519
784.810119628906	 70	 0.14159248483496	 0.783650115258792
784.810119628906	 75	 0.100387334293908	 0.831556869355488
784.810119628906	 80	 0.10589202353712	 0.883609205710624
784.810119628906	 85	 0.272555212724432	 0.939787258136606
794.871826171875	 40	 0.391911711555674	 0.577383177106869
794.871826171875	 45	 0.362873847227359	 0.602390112159354
794.871826171875	 50	 0.328610395966927	 0.630894585067172
794.871826171875	 55	 0.288661767825799	 0.66304888135727
794.871826171875	 60	 0.242911932367896	 0.699001229320364
794.871826171875	 65	 0.192294264342507	 0.738887998463067
794.871826171875	 70	 0.140658655959585	 0.782824483482731
794.871826171875	 75	 0.0999967632788955	 0.830894232886369
794.871826171875	 80	 0.106363298625767	 0.883136962534765
794.871826171875	 85	 0.274019850140649	 0.939535206266942
805.19482421875	 40	 0.391097486248704	 0.576681237452821
805.19482421875	 45	 0.362060755790263	 0.601714845911469
805.19482421875	 50	 0.327807279523641	 0.630252399849708
805.19482421875	 55	 0.287883930851833	 0.662447284935293
805.19482421875	 60	 0.242185282591916	 0.698448931742171
805.19482421875	 65	 0.191662295742327	 0.738394996097627
805.19482421875	 70	 0.140193873172672	 0.782402116228553
805.19482421875	 75	 0.099816542604099	 0.83055520400017
805.19482421875	 80	 0.106633099177502	 0.882895308852066
805.19482421875	 85	 0.274804825763709	 0.93940620531843
815.789489746094	 40	 0.390409157083967	 0.576087053221102
815.789489746094	 45	 0.361373009871287	 0.601143086021363
815.789489746094	 50	 0.327127245481625	 0.629708498641287
815.789489746094	 55	 0.287223984683792	 0.661937617314207
815.789489746094	 60	 0.241566404711032	 0.69798090005892
815.789489746094	 65	 0.1911197211465	 0.737977101274023
815.789489746094	 70	 0.139786304389067	 0.782044005641629
815.789489746094	 75	 0.0996388648562805	 0.830267687107189
815.789489746094	 80	 0.106818770959521	 0.882690330158328
815.789489746094	 85	 0.275407341445174	 0.939296763269376
826.666687011719	 40	 0.389690015584155	 0.57546619582355
826.666687011719	 45	 0.360655189449293	 0.600545743011549
826.666687011719	 50	 0.326418692914927	 0.629140336910586
826.666687011719	 55	 0.286538412208091	 0.661405281114132
826.666687011719	 60	 0.240926968156799	 0.697492102546762
826.666687011719	 65	 0.190565211039038	 0.7375407002325
826.666687011719	 70	 0.139381241937419	 0.781670055627073
826.666687011719	 75	 0.0994874162966203	 0.829967458632975
826.666687011719	 80	 0.107067078635798	 0.882476284998815
826.666687011719	 85	 0.276110523786658	 0.939182473803374
