wave(nm)		 AOI	 alpha			 beta
350.282501220703	 40	 -0.999705409583455	 0.10754261579079
350.282501220703	 45	 -0.999728482831241	 0.106881747372536
350.282501220703	 50	 -0.999755274925879	 0.106049263950762
350.282501220703	 55	 -0.999786309426017	 0.10496923773354
350.282501220703	 60	 -0.999822216066385	 0.10349636365011
350.282501220703	 65	 -0.999863540303122	 0.101313219932029
350.282501220703	 70	 -0.999909923642301	 0.0975660788842089
350.282501220703	 75	 -0.99995696072394	 0.0889701706451856
350.282501220703	 80	 -0.999984644006734	 0.0559665348575661
350.282501220703	 85	 -0.999922362740709	 0.0135819914253828
352.272735595703	 40	 -0.999704224793087	 0.107551375760119
352.272735595703	 45	 -0.99972699658451	 0.106894145220898
352.272735595703	 50	 -0.999753466261784	 0.106066937120004
352.272735595703	 55	 -0.999784172856583	 0.104995080820792
352.272735595703	 60	 -0.999819777620767	 0.103536158966146
352.272735595703	 65	 -0.999860892714599	 0.101380621785969
352.272735595703	 70	 -0.99990730492701	 0.0977025380021366
352.272735595703	 75	 -0.999954919153915	 0.0893667127271089
352.272735595703	 80	 -0.999984243779162	 0.0575945429341883
352.272735595703	 85	 -0.999924336128051	 0.0140133804553635
354.285705566406	 40	 -0.99970274226274	 0.107564569227768
354.285705566406	 45	 -0.999725135359473	 0.106912577106885
354.285705566406	 50	 -0.999751198696766	 0.106092801443548
354.285705566406	 55	 -0.999781489758096	 0.10503217849438
354.285705566406	 60	 -0.999816707825291	 0.10359193232295
354.285705566406	 65	 -0.999857546523914	 0.101472284861793
354.285705566406	 70	 -0.999903972560267	 0.0978811392176581
354.285705566406	 75	 -0.999952282629026	 0.0898606123935053
354.285705566406	 80	 -0.999983663058259	 0.0596102446224068
354.285705566406	 85	 -0.999926834539669	 0.0145730888937958
356.321838378906	 40	 -0.999700858028705	 0.107577938007771
356.321838378906	 45	 -0.999722766830268	 0.106931460917441
356.321838378906	 50	 -0.999748307902535	 0.106119651222092
356.321838378906	 55	 -0.9997780603106	 0.105071301130146
356.321838378906	 60	 -0.999812768628895	 0.103651862503138
356.321838378906	 65	 -0.99985322522177	 0.101572939034431
356.321838378906	 70	 -0.999899619093121	 0.0980818169687186
356.321838378906	 75	 -0.999948743765931	 0.0904257872972744
356.321838378906	 80	 -0.999982690615241	 0.0620712372592724
356.321838378906	 85	 -0.999929911560962	 0.0153528050541027
358.381500244141	 40	 -0.99969841764436	 0.107586813998809
358.381500244141	 45	 -0.999719694085158	 0.10694469966803
358.381500244141	 50	 -0.999744548762782	 0.106139655891708
358.381500244141	 55	 -0.999773585444497	 0.105102491495898
358.381500244141	 60	 -0.999807601978417	 0.103703337116001
358.381500244141	 65	 -0.999847509803062	 0.101666585488107
358.381500244141	 70	 -0.999893773064356	 0.0982842008569424
358.381500244141	 75	 -0.999943821261421	 0.0910366448418101
358.381500244141	 80	 -0.999980980404662	 0.0650182105520311
358.381500244141	 85	 -0.999933642248933	 0.0165014215226765
360.465118408203	 40	 -0.999695456076376	 0.10758287636656
360.465118408203	 45	 -0.99971595737989	 0.106941260768556
360.465118408203	 50	 -0.999739964002743	 0.106138345599593
360.465118408203	 55	 -0.999768104706735	 0.105106774973255
360.465118408203	 60	 -0.999801233584212	 0.10372112770526
360.465118408203	 65	 -0.999840392394349	 0.101718400407162
360.465118408203	 70	 -0.999886357103128	 0.0984357125294464
360.465118408203	 75	 -0.999937309211303	 0.0915918067370825
360.465118408203	 80	 -0.99997814905353	 0.0681426035619837
360.465118408203	 85	 -0.999937657676353	 0.0181375941207516
362.573089599609	 40	 -0.999692097955908	 0.107562116796294
362.573089599609	 45	 -0.999711710640492	 0.10691578098752
362.573089599609	 50	 -0.999734736717894	 0.106108597364865
362.573089599609	 55	 -0.999761826941226	 0.105074640411363
362.573089599609	 60	 -0.999793888320149	 0.103692232064829
362.573089599609	 65	 -0.999832091620545	 0.101709588456969
362.573089599609	 70	 -0.999877535632544	 0.0985054774439107
362.573089599609	 75	 -0.999929220524288	 0.0920209152614697
362.573089599609	 80	 -0.999973908437305	 0.0710749411120398
362.573089599609	 85	 -0.999941447818938	 0.0203269471757873
364.705871582031	 40	 -0.999688691100265	 0.107523434130476
364.705871582031	 45	 -0.999707392054872	 0.106866641237814
364.705871582031	 50	 -0.999729403373904	 0.106048002387008
364.705871582031	 55	 -0.99975539131965	 0.10500239515353
364.705871582031	 60	 -0.999786304760895	 0.103610668363718
364.705871582031	 65	 -0.99982342429791	 0.101629494650784
364.705871582031	 70	 -0.999868139609226	 0.0984710772796814
364.705871582031	 75	 -0.999920231661391	 0.0922590794237621
364.705871582031	 80	 -0.999968395784954	 0.0734056044016131
364.705871582031	 85	 -0.999944249719272	 0.0229247665943496
366.863891601563	 40	 -0.999685621108216	 0.107468150473005
366.863891601563	 45	 -0.999703491520379	 0.106795429333526
366.863891601563	 50	 -0.99972457087559	 0.105958349905173
366.863891601563	 55	 -0.999749533341247	 0.104891844543548
366.863891601563	 60	 -0.999779354734483	 0.103477775220208
366.863891601563	 65	 -0.999815394795577	 0.101477681335094
366.863891601563	 70	 -0.999859268461871	 0.0983262547746654
366.863891601563	 75	 -0.999911399907509	 0.0922785583894002
366.863891601563	 80	 -0.99996221231803	 0.0749397880994909
366.863891601563	 85	 -0.999945491626514	 0.0255901139914029
369.047637939453	 40	 -0.999683256997699	 0.10740187213109
369.047637939453	 45	 -0.99970048139885	 0.106709390698908
369.047637939453	 50	 -0.999720830478479	 0.105848809518118
369.047637939453	 55	 -0.999744980043537	 0.104754399795117
369.047637939453	 60	 -0.999773918574475	 0.103307525264296
369.047637939453	 65	 -0.999809051272057	 0.101270862928327
369.047637939453	 70	 -0.999852135711092	 0.0980899577119835
369.047637939453	 75	 -0.999904031984455	 0.0920979661585289
369.047637939453	 80	 -0.99995642591493	 0.0756770346265497
369.047637939453	 85	 -0.999945099564766	 0.0278340016372743
371.257507324219	 40	 -0.999681545533646	 0.107327901474684
371.257507324219	 45	 -0.99969829784335	 0.106612930699805
371.257507324219	 50	 -0.999718109593407	 0.10572520865684
371.257507324219	 55	 -0.999741654648744	 0.10459779942662
371.257507324219	 60	 -0.999769924813651	 0.103110414389785
371.257507324219	 65	 -0.999804346571663	 0.101024032994001
371.257507324219	 70	 -0.999846756124297	 0.0977863517796438
371.257507324219	 75	 -0.999898275468369	 0.0917703831640188
371.257507324219	 80	 -0.99995140848819	 0.0758501679739293
371.257507324219	 85	 -0.999943505082199	 0.0295349598438307
373.493988037109	 40	 -0.999680436981833	 0.107246209439567
373.493988037109	 45	 -0.999696879833155	 0.1065060469949
373.493988037109	 50	 -0.999716336350694	 0.105587611100975
373.493988037109	 55	 -0.999739476472117	 0.104422257362329
373.493988037109	 60	 -0.99976728902247	 0.102887004139667
373.493988037109	 65	 -0.99980120366027	 0.100738641791984
373.493988037109	 70	 -0.999843083791949	 0.0974196662831069
373.493988037109	 75	 -0.99989416450313	 0.0913127375919294
373.493988037109	 80	 -0.999947353573576	 0.0755808846528836
373.493988037109	 85	 -0.999941011949108	 0.030659323787945
375.757568359375	 40	 -0.999680006942034	 0.10715873528634
375.757568359375	 45	 -0.999696325120312	 0.106391246122401
375.757568359375	 50	 -0.999715634792255	 0.105439190618047
375.757568359375	 55	 -0.999738600959542	 0.10423172893872
375.757568359375	 60	 -0.999766204600026	 0.102642157469773
375.757568359375	 65	 -0.999799862442103	 0.100420580256762
375.757568359375	 70	 -0.999841415856437	 0.0969969070239561
375.757568359375	 75	 -0.99989206290037	 0.0907339008948163
375.757568359375	 80	 -0.999944673405615	 0.0749032879929149
375.757568359375	 85	 -0.999937915720652	 0.0311218306298226
378.048797607422	 40	 -0.999680061572575	 0.107069864608612
378.048797607422	 45	 -0.999696387520597	 0.106274374340833
378.048797607422	 50	 -0.99971570009018	 0.105287668572556
378.048797607422	 55	 -0.999738658960997	 0.104036432649792
378.048797607422	 60	 -0.999766234419777	 0.1023896263025
378.048797607422	 65	 -0.999799820058169	 0.100089120743827
378.048797607422	 70	 -0.999841202962591	 0.0965475457866117
378.048797607422	 75	 -0.999891444238427	 0.0900889417977508
378.048797607422	 80	 -0.999943079091626	 0.0739848064520134
378.048797607422	 85	 -0.999934599712062	 0.0311224356543681
380.368103027344	 40	 -0.999680405988146	 0.10698544874857
380.368103027344	 45	 -0.99969681911286	 0.106163206634534
380.368103027344	 50	 -0.999716224553521	 0.105143268005804
380.368103027344	 55	 -0.99973927663101	 0.103849810960281
380.368103027344	 60	 -0.999766933652727	 0.102147322928911
380.368103027344	 65	 -0.999800560936512	 0.0997689505051277
380.368103027344	 70	 -0.999841874550166	 0.0961081497089592
380.368103027344	 75	 -0.999891746619975	 0.089441371576429
380.368103027344	 80	 -0.999942226239017	 0.072984305790098
380.368103027344	 85	 -0.999931392368959	 0.0308638019145702
382.716033935547	 40	 -0.9996809533562	 0.106904240660418
382.716033935547	 45	 -0.999697508967766	 0.106056134886504
382.716033935547	 50	 -0.999717069713749	 0.105003960798919
382.716033935547	 55	 -0.999740284346969	 0.103669355253169
382.716033935547	 60	 -0.999768097979987	 0.101912213004656
382.716033935547	 65	 -0.999801843524735	 0.0994565495829018
382.716033935547	 70	 -0.999843153500131	 0.0956751600419785
382.716033935547	 75	 -0.999892674283869	 0.0887904061700536
382.716033935547	 80	 -0.999941870202298	 0.0719286166755171
382.716033935547	 85	 -0.9999282869856	 0.0304446015866708
385.093170166016	 40	 -0.999681616316507	 0.106827892852755
385.093170166016	 45	 -0.999698345794928	 0.105955370234809
385.093170166016	 50	 -0.999718097180229	 0.104872681106571
385.093170166016	 55	 -0.999741513492539	 0.103498971983008
385.093170166016	 60	 -0.999769525923374	 0.101689593534267
385.093170166016	 65	 -0.999803432703638	 0.0991594060531215
385.093170166016	 70	 -0.999844776323625	 0.095260095820933
385.093170166016	 75	 -0.999893959948714	 0.088157164280402
385.093170166016	 80	 -0.999941823983772	 0.0708730524998983
385.093170166016	 85	 -0.999925362491437	 0.0299497582536112
387.5	 40	 -0.999682309529447	 0.106755433621054
387.5	 45	 -0.999699220804785	 0.105859680994622
387.5	 50	 -0.999719171542514	 0.104747914156652
387.5	 55	 -0.999742798838061	 0.103336860455348
387.5	 60	 -0.999771019552169	 0.101477435118765
387.5	 65	 -0.999805096372515	 0.0988755072169521
387.5	 70	 -0.999846480083683	 0.0948618822993639
387.5	 75	 -0.999895328567598	 0.0875455212832986
387.5	 80	 -0.999941865452143	 0.0698492814575536
387.5	 85	 -0.999922590519427	 0.0294510666095688
389.937103271484	 40	 -0.999683015930415	 0.10668738328379
389.937103271484	 45	 -0.999700112334779	 0.105769760279726
389.937103271484	 50	 -0.999720265991868	 0.104630574162159
389.937103271484	 55	 -0.999744107940543	 0.103184227479253
389.937103271484	 60	 -0.999772540492418	 0.101277353358321
389.937103271484	 65	 -0.999806790479896	 0.0986070901122058
389.937103271484	 70	 -0.999848216860651	 0.0944838332873477
389.937103271484	 75	 -0.9998967345836	 0.086961066012316
389.937103271484	 80	 -0.999941969082925	 0.0688683867361176
389.937103271484	 85	 -0.999919991557325	 0.0289613608036995
392.405059814453	 40	 -0.999683736128209	 0.10662336093124
392.405059814453	 45	 -0.999701021133281	 0.105685106082649
392.405059814453	 50	 -0.999721381412258	 0.104520008239595
392.405059814453	 55	 -0.999745441797044	 0.103040227481892
392.405059814453	 60	 -0.999774089796248	 0.101088245981289
392.405059814453	 65	 -0.999808516002139	 0.0983526858122051
392.405059814453	 70	 -0.999849987260353	 0.0941238903705835
392.405059814453	 75	 -0.999898177502796	 0.0864005757175202
392.405059814453	 80	 -0.999942130974809	 0.0679241845650153
392.405059814453	 85	 -0.999917549922102	 0.0284797408114013
394.904449462891	 40	 -0.999684433234267	 0.106562528167733
394.904449462891	 45	 -0.999701900274022	 0.105604641486534
394.904449462891	 50	 -0.999722459559775	 0.104414865766163
394.904449462891	 55	 -0.999746729612516	 0.10290320389153
394.904449462891	 60	 -0.999775583115463	 0.100908136956361
394.904449462891	 65	 -0.999810174794712	 0.0981100616311237
394.904449462891	 70	 -0.999851681352175	 0.0937799383779702
394.904449462891	 75	 -0.999899544082567	 0.0858639206105938
394.904449462891	 80	 -0.999942259610397	 0.0670281913799927
394.904449462891	 85	 -0.99991523739106	 0.0280303623137655
397.435913085938	 40	 -0.999685119419809	 0.106505789244768
397.435913085938	 45	 -0.999702765373505	 0.105529548262318
397.435913085938	 50	 -0.999723520042593	 0.104316665529983
397.435913085938	 55	 -0.999747995608402	 0.102775089005474
397.435913085938	 60	 -0.9997770499997	 0.10073947336171
397.435913085938	 65	 -0.999811802535629	 0.0978823114816199
397.435913085938	 70	 -0.999853341685135	 0.0934558469825235
397.435913085938	 75	 -0.99990088365688	 0.0853554463226998
397.435913085938	 80	 -0.999942406410321	 0.0661797552815652
397.435913085938	 85	 -0.999913084542007	 0.0276023597686648
400	 40	 -0.999685830302906	 0.106452946141158
400	 45	 -0.999703661652583	 0.105459540251439
400	 50	 -0.999724618834869	 0.104224990566443
400	 55	 -0.999749307555519	 0.102655259943188
400	 60	 -0.999778570720927	 0.100581279938181
400	 65	 -0.999813491741497	 0.0976677815514075
400	 70	 -0.999855070096522	 0.0931484134828067
400	 75	 -0.999902297027834	 0.0848674300686941
400	 80	 -0.999942641342881	 0.0653550622473486
400	 85	 -0.9999110767814	 0.0271717313230355
402.597412109375	 40	 -0.999686457194108	 0.106401715142078
402.597412109375	 45	 -0.999704451002821	 0.105391697693649
402.597412109375	 50	 -0.999725584784709	 0.104136204342887
402.597412109375	 55	 -0.999750457865486	 0.102539305863421
402.597412109375	 60	 -0.999779898695556	 0.100428400756338
402.597412109375	 65	 -0.999814956749246	 0.0974609046109559
402.597412109375	 70	 -0.999856548719896	 0.0928531559639118
402.597412109375	 75	 -0.999903460172628	 0.0844033091787076
402.597412109375	 80	 -0.999942707755925	 0.064597519306539
402.597412109375	 85	 -0.999909146895849	 0.0268058059451782
405.228759765625	 40	 -0.999687093825285	 0.106352711771615
405.228759765625	 45	 -0.999705252464813	 0.105326760707781
405.228759765625	 50	 -0.999726565307814	 0.104051142796357
405.228759765625	 55	 -0.999751625146719	 0.102428074887062
405.228759765625	 60	 -0.999781245720325	 0.100281478204292
405.228759765625	 65	 -0.999816442172478	 0.0972615289841849
405.228759765625	 70	 -0.999858048022791	 0.0925673320118606
405.228759765625	 75	 -0.999904644232113	 0.0839510061635153
405.228759765625	 80	 -0.999942806065825	 0.0638576599387895
405.228759765625	 85	 -0.99990730264329	 0.0264438843535368
407.894744873047	 40	 -0.999687794212464	 0.10630587444833
407.894744873047	 45	 -0.999706134469245	 0.105264603567836
407.894744873047	 50	 -0.999727644858047	 0.103969563134132
407.894744873047	 55	 -0.999752911233238	 0.102321105994544
407.894744873047	 60	 -0.999782731704806	 0.100139622715125
407.894744873047	 65	 -0.999818084993633	 0.0970678448892077
407.894744873047	 70	 -0.999859716680006	 0.0922868579511256
407.894744873047	 75	 -0.999905992908021	 0.0834995513212241
407.894744873047	 80	 -0.999943032280519	 0.0631021495666007
407.894744873047	 85	 -0.999905530075847	 0.0260544822572605
410.596038818359	 40	 -0.999688392566079	 0.106260026759731
410.596038818359	 45	 -0.999706886815148	 0.105203814631315
410.596038818359	 50	 -0.999728563727357	 0.103889876616771
410.596038818359	 55	 -0.99975400247328	 0.102216799311992
410.596038818359	 60	 -0.9997839864422	 0.100001652483548
410.596038818359	 65	 -0.999819460657672	 0.0968802413633352
410.596038818359	 70	 -0.999861090633159	 0.0920171897340979
410.596038818359	 75	 -0.999907050407853	 0.0830723237048726
410.596038818359	 80	 -0.999943062767915	 0.0624194628585376
410.596038818359	 85	 -0.999903817679517	 0.0257339995286718
413.333343505859	 40	 -0.999688965211001	 0.106214899419949
413.333343505859	 45	 -0.999707606262018	 0.105143980406839
413.333343505859	 50	 -0.999729441445027	 0.103811441467489
413.333343505859	 55	 -0.999755043184537	 0.102114131927292
413.333343505859	 60	 -0.999785180181971	 0.0998658581583523
413.333343505859	 65	 -0.999820764173522	 0.09669563227613
413.333343505859	 70	 -0.999862382366363	 0.0917520169591062
413.333343505859	 75	 -0.999908023272972	 0.0826536196107163
413.333343505859	 80	 -0.99994303627753	 0.0617630853081222
413.333343505859	 85	 -0.999902143137294	 0.0254358123537013
416.107391357422	 40	 -0.999689562081561	 0.106173253139095
416.107391357422	 45	 -0.999708356396793	 0.105088689239925
416.107391357422	 50	 -0.999730357041635	 0.10373883406945
416.107391357422	 55	 -0.999756129624789	 0.102018860030273
416.107391357422	 60	 -0.999786428010003	 0.0997393962709421
416.107391357422	 65	 -0.999822130355891	 0.0965227672339449
416.107391357422	 70	 -0.999863745139957	 0.0915014928352311
416.107391357422	 75	 -0.999909075540288	 0.0822521757375732
416.107391357422	 80	 -0.999943102887672	 0.0611217732188619
416.107391357422	 85	 -0.999900590348064	 0.0251301447060951
418.918914794922	 40	 -0.999690156513491	 0.106133392357955
418.918914794922	 45	 -0.999709103256402	 0.105035734035268
418.918914794922	 50	 -0.99973126829011	 0.103669233665031
418.918914794922	 55	 -0.999757210334666	 0.101927424097959
418.918914794922	 60	 -0.999787668349927	 0.0996178168610703
418.918914794922	 65	 -0.999823486969966	 0.0963561465254154
418.918914794922	 70	 -0.999865096605458	 0.0912590597887927
418.918914794922	 75	 -0.999910118436358	 0.08186162495613
418.918914794922	 80	 -0.999943179097319	 0.0604987171616007
418.918914794922	 85	 -0.999899104620523	 0.0248324255227413
421.768707275391	 40	 -0.999690669041355	 0.106094120828882
421.768707275391	 45	 -0.999709746220845	 0.104983614790098
421.768707275391	 50	 -0.999732051096204	 0.103600826217287
421.768707275391	 55	 -0.999758135816043	 0.101837729144986
421.768707275391	 60	 -0.999788725354059	 0.0994988943447444
421.768707275391	 65	 -0.999824633319364	 0.0961939118528091
421.768707275391	 70	 -0.999866218824467	 0.0910249135056329
421.768707275391	 75	 -0.999910939425344	 0.0814907717957916
421.768707275391	 80	 -0.999943112224748	 0.0599336911318919
421.768707275391	 85	 -0.999897663432818	 0.0245842219634518
424.657531738281	 40	 -0.999691154780072	 0.106055159464679
424.657531738281	 45	 -0.999710355033915	 0.104931917295392
424.657531738281	 50	 -0.9997327914012	 0.103532990672028
424.657531738281	 55	 -0.999759009469795	 0.101748819036184
424.657531738281	 60	 -0.999789720381759	 0.0993810848785716
424.657531738281	 65	 -0.99982570732804	 0.0960333674113565
424.657531738281	 70	 -0.999867260139819	 0.0907937169717833
424.657531738281	 75	 -0.999911679215227	 0.0811268078126946
424.657531738281	 80	 -0.99994299111326	 0.059391854539356
424.657531738281	 85	 -0.999896245725688	 0.0243548331564781
427.586181640625	 40	 -0.999691711479151	 0.10601843270414
427.586181640625	 45	 -0.99971105350672	 0.104883080816624
427.586181640625	 50	 -0.999733641967095	 0.103468725715751
427.586181640625	 55	 -0.99976001544724	 0.101664253371675
427.586181640625	 60	 -0.999790870262292	 0.0992683819980739
427.586181640625	 65	 -0.999826956917324	 0.095878408399848
427.586181640625	 70	 -0.999868490783417	 0.0905672852427852
427.586181640625	 75	 -0.9999126037845	 0.0807613440459955
427.586181640625	 80	 -0.999943012803312	 0.0588257684969046
427.586181640625	 85	 -0.999894891622387	 0.0240931730651467
430.555541992188	 40	 -0.999692228512122	 0.105982910472135
430.555541992188	 45	 -0.999711701684737	 0.104835854527034
430.555541992188	 50	 -0.999734430394817	 0.10340659501828
430.555541992188	 55	 -0.999760946409796	 0.101582525399227
430.555541992188	 60	 -0.999791931732788	 0.099159521484808
430.555541992188	 65	 -0.999828105582052	 0.0957288762066443
430.555541992188	 70	 -0.999869612681687	 0.090349216861388
430.555541992188	 75	 -0.999913426956128	 0.0804113436796256
430.555541992188	 80	 -0.999942981545308	 0.0582954441041898
430.555541992188	 85	 -0.9998935923037	 0.0238560861631974
433.566436767578	 40	 -0.999692739750398	 0.105947443080493
433.566436767578	 45	 -0.999712342230697	 0.104788694627498
433.566436767578	 50	 -0.999735208919053	 0.103344540552366
433.566436767578	 55	 -0.999761864628733	 0.101500878508068
433.566436767578	 60	 -0.999792976867758	 0.0990507354510038
433.566436767578	 65	 -0.999829233376943	 0.0955793904615034
433.566436767578	 70	 -0.999870708323643	 0.0901311656714403
433.566436767578	 75	 -0.999914219427282	 0.0800619246346163
433.566436767578	 80	 -0.999942925058471	 0.0577732474330062
433.566436767578	 85	 -0.999892301641331	 0.0236265779896147
436.619720458984	 40	 -0.999693298794662	 0.105916034578943
436.619720458984	 45	 -0.999713043382519	 0.104746814634803
436.619720458984	 50	 -0.999736062316406	 0.103289227211392
436.619720458984	 55	 -0.999762873306165	 0.101427724312728
436.619720458984	 60	 -0.999794128994797	 0.0989525356431678
436.619720458984	 65	 -0.999830484776259	 0.0954429121954333
436.619720458984	 70	 -0.999871942310101	 0.0899284223463974
436.619720458984	 75	 -0.999915159173667	 0.079727049672731
436.619720458984	 80	 -0.999943013310113	 0.0572494538726129
436.619720458984	 85	 -0.999891134646764	 0.0233764234193682
439.71630859375	 40	 -0.99969371505879	 0.105880743207929
439.71630859375	 45	 -0.999713563478965	 0.104699960576103
439.71630859375	 50	 -0.999736691980833	 0.103227702699049
439.71630859375	 55	 -0.999763611710037	 0.101347010414769
439.71630859375	 60	 -0.999794961915996	 0.0988454585446649
439.71630859375	 65	 -0.999831369475997	 0.0952967968285192
439.71630859375	 70	 -0.999872773427099	 0.089717938254749
439.71630859375	 75	 -0.999915696377418	 0.0793987828559695
439.71630859375	 80	 -0.999942792046255	 0.0567946326169836
439.71630859375	 85	 -0.999889885827899	 0.023200677541875
442.857147216797	 40	 -0.999694182316755	 0.105848620505641
442.857147216797	 45	 -0.999714148126825	 0.10465721378386
442.857147216797	 50	 -0.999737401230727	 0.103171395790643
442.857147216797	 55	 -0.999764445982092	 0.101272820196719
442.857147216797	 60	 -0.999795907705368	 0.098746412836625
442.857147216797	 65	 -0.999832383540616	 0.0951603229779653
442.857147216797	 70	 -0.999873747146188	 0.0895181964980448
442.857147216797	 75	 -0.999916380330859	 0.0790786808143082
442.857147216797	 80	 -0.99994270307321	 0.0563305163571264
442.857147216797	 85	 -0.99988873024966	 0.0230023191648264
446.043182373047	 40	 -0.999694546704634	 0.105816442082015
446.043182373047	 45	 -0.999714602792946	 0.104614493329926
446.043182373047	 50	 -0.999737950643906	 0.10311530127729
446.043182373047	 55	 -0.999765088510715	 0.101199236073235
446.043182373047	 60	 -0.999796629406316	 0.0986488136828143
446.043182373047	 65	 -0.999833144550005	 0.0950272116651061
446.043182373047	 70	 -0.999874451412233	 0.0893267709157856
446.043182373047	 75	 -0.999916812941368	 0.0787822383208418
446.043182373047	 80	 -0.999942459689687	 0.0559327880080817
446.043182373047	 85	 -0.999887606770128	 0.0228543517293532
449.275360107422	 40	 -0.999695063064262	 0.105786840308861
449.275360107422	 45	 -0.99971524922461	 0.104574992533281
449.275360107422	 50	 -0.999738735444451	 0.103063078908173
449.275360107422	 55	 -0.9997660127517	 0.1011300797922
449.275360107422	 60	 -0.999797679375414	 0.0985558189327051
449.275360107422	 65	 -0.999834275075396	 0.0948976787080102
449.275360107422	 70	 -0.999875548567619	 0.0891339525296151
449.275360107422	 75	 -0.999917616262067	 0.0784651727369419
449.275360107422	 80	 -0.999942470513332	 0.055459552653441
449.275360107422	 85	 -0.999886526638221	 0.0226385783212457
452.554748535156	 40	 -0.999695402102781	 0.105753902918491
452.554748535156	 45	 -0.999715671400744	 0.104531285996394
452.554748535156	 50	 -0.999739244140215	 0.103005728514692
452.554748535156	 55	 -0.99976660516083	 0.101054921970693
452.554748535156	 60	 -0.999798340358839	 0.0984562839882369
452.554748535156	 65	 -0.999834963856836	 0.0947622813665989
452.554748535156	 70	 -0.999876169600308	 0.0889402629401704
452.554748535156	 75	 -0.999917960526192	 0.0781693686183104
452.554748535156	 80	 -0.999942156743059	 0.0550807864471052
452.554748535156	 85	 -0.999885397300405	 0.0225072983727554
455.882354736328	 40	 -0.999695866906213	 0.105725291947733
455.882354736328	 45	 -0.999716252512635	 0.104493126446991
455.882354736328	 50	 -0.999739948328858	 0.102955313645524
455.882354736328	 55	 -0.999767432238079	 0.100988223732984
455.882354736328	 60	 -0.999799276073523	 0.0983667255863602
455.882354736328	 65	 -0.999835964388689	 0.0946378381627735
455.882354736328	 70	 -0.999877127372312	 0.0887558969050062
455.882354736328	 75	 -0.999918634630486	 0.0778698687344039
455.882354736328	 80	 -0.999942098472879	 0.0546510947551308
455.882354736328	 85	 -0.999884371735297	 0.0223200583852462
459.259246826172	 40	 -0.999696332748422	 0.105697405119735
459.259246826172	 45	 -0.999716834793164	 0.104455908977547
459.259246826172	 50	 -0.999740653716239	 0.102906101866188
459.259246826172	 55	 -0.999768260370274	 0.100923042117144
459.259246826172	 60	 -0.999800212427922	 0.0982790610653782
459.259246826172	 65	 -0.999836964790151	 0.0945157370955466
459.259246826172	 70	 -0.999878084035891	 0.0885743765332149
459.259246826172	 75	 -0.999919307772504	 0.0775738408796052
459.259246826172	 80	 -0.999942046031352	 0.0542275037292475
459.259246826172	 85	 -0.999883371732362	 0.0221350037226384
462.686553955078	 40	 -0.9996967945358	 0.105671455212322
462.686553955078	 45	 -0.999717412029124	 0.104421235376018
462.686553955078	 50	 -0.999741353035935	 0.102860181593249
462.686553955078	 55	 -0.999769081478226	 0.100862089118792
462.686553955078	 60	 -0.999801141102283	 0.098196832654409
462.686553955078	 65	 -0.999837957732985	 0.0944006880189727
462.686553955078	 70	 -0.999879035828298	 0.0884021605824261
462.686553955078	 75	 -0.999919984911116	 0.0772902654295977
462.686553955078	 80	 -0.999942021376635	 0.0538187953223257
462.686553955078	 85	 -0.999882435495314	 0.021953463037887
466.165405273438	 40	 -0.999697298069924	 0.105644851685402
466.165405273438	 45	 -0.999718041448732	 0.104385643646413
466.165405273438	 50	 -0.999742115578759	 0.102812966822623
466.165405273438	 55	 -0.99976997685015	 0.10079927532569
466.165405273438	 60	 -0.999802153914536	 0.0981118210258866
466.165405273438	 65	 -0.999839041182559	 0.0942811806713984
466.165405273438	 70	 -0.999880076284883	 0.0882219935128894
466.165405273438	 75	 -0.999920731883317	 0.0769906813250802
466.165405273438	 80	 -0.999942020413685	 0.0533841855392807
466.165405273438	 85	 -0.999881468881328	 0.0217576789095711
469.696960449219	 40	 -0.999697570178816	 0.105616392492037
469.696960449219	 45	 -0.999718379136453	 0.104347871880483
469.696960449219	 50	 -0.999742520537073	 0.102763392120821
469.696960449219	 55	 -0.999770445164773	 0.100734290956135
469.696960449219	 60	 -0.999802670741001	 0.098025743030007
469.696960449219	 65	 -0.999839569493722	 0.0941641189732831
469.696960449219	 70	 -0.999880533047715	 0.0880549513854985
469.696960449219	 75	 -0.999920942966969	 0.076739317071175
469.696960449219	 80	 -0.9999416880613	 0.0530850492612042
469.696960449219	 85	 -0.999880522252052	 0.0216622470374918
473.282470703125	 40	 -0.999698021657053	 0.105589943731709
473.282470703125	 45	 -0.999718942645104	 0.104312528014578
473.282470703125	 50	 -0.999743201809515	 0.102716578440062
473.282470703125	 55	 -0.999771242691349	 0.100672143995814
473.282470703125	 60	 -0.999803568655336	 0.0979418965861703
473.282470703125	 65	 -0.999840522383584	 0.094046826490401
473.282470703125	 70	 -0.999881433452381	 0.0878796357034441
473.282470703125	 75	 -0.999921558693709	 0.0764530923218192
473.282470703125	 80	 -0.999941609168242	 0.0526888626474361
473.282470703125	 85	 -0.999879583971818	 0.0214928476307963
476.923095703125	 40	 -0.999698082065241	 0.10555872260548
476.923095703125	 45	 -0.999719013355215	 0.104271366638871
476.923095703125	 50	 -0.99974327934673	 0.10266304492037
476.923095703125	 55	 -0.99977131967034	 0.100602873909338
476.923095703125	 60	 -0.999803630440849	 0.0978519174141411
476.923095703125	 65	 -0.99984054033517	 0.093928298806807
476.923095703125	 70	 -0.999881351398219	 0.0877200483505693
476.923095703125	 75	 -0.99992127003858	 0.0762412176728008
476.923095703125	 80	 -0.99994095549425	 0.052511237042501
476.923095703125	 85	 -0.999878629304195	 0.0214876266918056
480.620178222656	 40	 -0.99969853490065	 0.10553553620201
480.620178222656	 45	 -0.999719578801495	 0.104240302383455
480.620178222656	 50	 -0.999743963382866	 0.102621759674791
480.620178222656	 55	 -0.999772121200061	 0.100547812806698
480.620178222656	 60	 -0.99980453436635	 0.0977771474954664
480.620178222656	 65	 -0.999841502821473	 0.0938227092129643
480.620178222656	 70	 -0.999882268524153	 0.0875599880966532
480.620178222656	 75	 -0.999921917996271	 0.0759747384052062
480.620178222656	 80	 -0.99994094220685	 0.0521346613105067
480.620178222656	 85	 -0.99987779712792	 0.0213187704115314
484.375	 40	 -0.999698815070743	 0.105508454224123
484.375	 45	 -0.999719926331534	 0.104204315494383
484.375	 50	 -0.999744379884751	 0.102574452838203
484.375	 55	 -0.999772602476928	 0.100485667758492
484.375	 60	 -0.999805064992395	 0.097694582210982
484.375	 65	 -0.999842044822499	 0.0937099423143582
484.375	 70	 -0.999882737841135	 0.0873981494090417
484.375	 75	 -0.999922141480281	 0.0757302803968147
484.375	 80	 -0.999940632976627	 0.0518476438347102
484.375	 85	 -0.999876905905293	 0.0212233931954933
488.188995361328	 40	 -0.999699157237102	 0.105484146819756
488.188995361328	 45	 -0.999720352126613	 0.104171898679038
488.188995361328	 50	 -0.999744892511828	 0.102531632630631
488.188995361328	 55	 -0.999773198912189	 0.100429038265448
488.188995361328	 60	 -0.999805730090008	 0.0976186088272406
488.188995361328	 65	 -0.999842738955536	 0.0936046152196592
488.188995361328	 70	 -0.999883371104501	 0.0872432393456437
488.188995361328	 75	 -0.999922526206671	 0.0754861039049862
488.188995361328	 80	 -0.999940453693298	 0.0515377650757738
488.188995361328	 85	 -0.999876081197552	 0.021102828823369
492.063507080078	 40	 -0.999699524508815	 0.105460165918861
492.063507080078	 45	 -0.999720809365293	 0.104139874029537
492.063507080078	 50	 -0.999745443341131	 0.102489254402935
492.063507080078	 55	 -0.999773840414917	 0.100372855030871
492.063507080078	 60	 -0.999806446623815	 0.097542968537677
492.063507080078	 65	 -0.999843489211494	 0.0934991981727405
492.063507080078	 70	 -0.999884061178648	 0.0870869352881361
492.063507080078	 75	 -0.99992296032779	 0.07523673060159
492.063507080078	 80	 -0.999940303941153	 0.051216543712582
492.063507080078	 85	 -0.999875261343051	 0.02097369201862
496	 40	 -0.999699856609974	 0.105436270052525
496	 45	 -0.999721222279181	 0.104107999710777
496	 50	 -0.999745939861603	 0.102447140150493
496	 55	 -0.999774417103664	 0.100317141275204
496	 60	 -0.999807087989836	 0.0974681943367728
496	 65	 -0.999844155602478	 0.0933954936359245
496	 70	 -0.999884663787012	 0.0869344390891489
496	 75	 -0.999923316168554	 0.0749973579184618
496	 80	 -0.999940111592071	 0.0509190675928867
496	 85	 -0.99987445815376	 0.020859642486554
500	 40	 -0.999700219948551	 0.105414352991858
500	 45	 -0.999721674624854	 0.104078684051145
500	 50	 -0.999746484807413	 0.102408264199016
500	 55	 -0.99977505180675	 0.100265451916976
500	 60	 -0.999807797135288	 0.0973983199519288
500	 65	 -0.999844898844017	 0.0932975322570823
500	 70	 -0.999885349837049	 0.0867879222316212
500	 75	 -0.999923756163777	 0.074761057710923
500	 80	 -0.999939993370628	 0.0506131510159505
500	 85	 -0.999873705424304	 0.0207337320438693
504.065032958984	 40	 -0.999700490564509	 0.105391002973471
504.065032958984	 45	 -0.999722010157265	 0.104047597001603
504.065032958984	 50	 -0.999746886697204	 0.102367295035174
504.065032958984	 55	 -0.999775515867644	 0.100211446396297
504.065032958984	 60	 -0.999808308416435	 0.0973262188328064
504.065032958984	 65	 -0.999845421061612	 0.0931983625669828
504.065032958984	 70	 -0.99988580389671	 0.0866441938719371
504.065032958984	 75	 -0.999923982664207	 0.0745420217477826
504.065032958984	 80	 -0.999939738177194	 0.0503588580731245
504.065032958984	 85	 -0.999872943705348	 0.0206452399353421
508.196716308594	 40	 -0.999700928660616	 0.105370509741371
508.196716308594	 45	 -0.999722556290172	 0.104020045353728
508.196716308594	 50	 -0.999747545847252	 0.102330511637041
508.196716308594	 55	 -0.999776285729923	 0.100162090852001
508.196716308594	 60	 -0.999809172559292	 0.0972586375539507
508.196716308594	 65	 -0.999846334722716	 0.0931018215298944
508.196716308594	 70	 -0.999886664799103	 0.0864956609788561
508.196716308594	 75	 -0.999924578871427	 0.0742922972717892
508.196716308594	 80	 -0.999939719785464	 0.050018112180522
508.196716308594	 85	 -0.999872212687266	 0.0204930678252021
512.396667480469	 40	 -0.99970112942305	 0.105346100681737
512.396667480469	 45	 -0.99972280372487	 0.103987647389493
512.396667480469	 50	 -0.999747839693106	 0.102287990507556
512.396667480469	 55	 -0.999776620664566	 0.100106363413329
512.396667480469	 60	 -0.999809533723312	 0.0971848741866629
512.396667480469	 65	 -0.999846688650464	 0.0930017448237127
512.396667480469	 70	 -0.99988694137414	 0.0863540684086762
512.396667480469	 75	 -0.999924641213274	 0.0740868346036376
512.396667480469	 80	 -0.999939359958772	 0.0498052707251047
512.396667480469	 85	 -0.999871449395471	 0.0204332872034734
516.666625976563	 40	 -0.999701470617446	 0.105325297794193
516.666625976563	 45	 -0.9997232279165	 0.103959805161159
516.666625976563	 50	 -0.999748349739372	 0.102251039727927
516.666625976563	 55	 -0.999777213078201	 0.100057183985494
516.666625976563	 60	 -0.999810192860961	 0.097118305840047
516.666625976563	 65	 -0.999847374788504	 0.0929082748375258
516.666625976563	 70	 -0.999887566602544	 0.0862141527373081
516.666625976563	 75	 -0.999925027748616	 0.0738625638104179
516.666625976563	 80	 -0.999939224291625	 0.0495248101716473
516.666625976563	 85	 -0.999870746105205	 0.0203199632675275
521.008361816406	 40	 -0.999701750511654	 0.105304045381554
521.008361816406	 45	 -0.999723575004364	 0.103931448840511
521.008361816406	 50	 -0.999748765567969	 0.102213560878778
521.008361816406	 55	 -0.999777693460322	 0.100007583328739
521.008361816406	 60	 -0.999810722713623	 0.0970517132068916
521.008361816406	 65	 -0.999847917626362	 0.092815928150667
521.008361816406	 70	 -0.999888043530653	 0.0860787096910747
521.008361816406	 75	 -0.999925281972928	 0.0736532671020302
521.008361816406	 80	 -0.999939012062281	 0.0492806934655986
521.008361816406	 85	 -0.999870052481739	 0.0202304863117429
525.423767089844	 40	 -0.99970204418872	 0.105282909814268
525.423767089844	 45	 -0.999723939287688	 0.103903223235746
525.423767089844	 50	 -0.999749202176085	 0.102176210599707
525.423767089844	 55	 -0.999778198170854	 0.0999580726773922
525.423767089844	 60	 -0.999811280026933	 0.0969850882117829
525.423767089844	 65	 -0.999848489924614	 0.0927232217920476
525.423767089844	 70	 -0.999888549470733	 0.0859420398438637
525.423767089844	 75	 -0.99992556021339	 0.0734405641945999
525.423767089844	 80	 -0.999938812780187	 0.0490306303380916
525.423767089844	 85	 -0.999869360164869	 0.0201367712101788
529.91455078125	 40	 -0.999702238893097	 0.105260359249509
529.91455078125	 45	 -0.999724179113687	 0.103873267446893
529.91455078125	 50	 -0.999749486754873	 0.102136852275232
529.91455078125	 55	 -0.999778522184274	 0.099906415408682
529.91455078125	 60	 -0.999811628898437	 0.0969165759773772
529.91455078125	 65	 -0.999848831183692	 0.0926300177096219
529.91455078125	 70	 -0.999888815866531	 0.0858097629610773
529.91455078125	 75	 -0.999925622571882	 0.0732487657990657
529.91455078125	 80	 -0.999938480637633	 0.0488352520524563
529.91455078125	 85	 -0.999868663141919	 0.0200802961238982
534.482788085938	 40	 -0.999702596306216	 0.105240440587999
534.482788085938	 45	 -0.999724623307034	 0.10384654688976
534.482788085938	 50	 -0.999750020585177	 0.102101282356125
534.482788085938	 55	 -0.999779141819092	 0.0998588801179238
534.482788085938	 60	 -0.999812317785901	 0.0968518682857782
534.482788085938	 65	 -0.999849547811467	 0.0925384324258803
534.482788085938	 70	 -0.999889469411693	 0.0856711699534222
534.482788085938	 75	 -0.999926032133171	 0.0730242851470957
534.482788085938	 80	 -0.999938364989593	 0.0485556754975196
534.482788085938	 85	 -0.999867989143814	 0.0199646375721676
539.130432128906	 40	 -0.999702933520417	 0.105222862358167
539.130432128906	 45	 -0.999725042493363	 0.103822929993394
539.130432128906	 50	 -0.999750524525771	 0.102069780923032
539.130432128906	 55	 -0.999779727055654	 0.0998166677673028
539.130432128906	 60	 -0.999812969008562	 0.0967941885593292
539.130432128906	 65	 -0.999850226494531	 0.0924563463507201
539.130432128906	 70	 -0.99989009128708	 0.0855459512642881
539.130432128906	 75	 -0.999926429732314	 0.0728192691402192
539.130432128906	 80	 -0.999938279052784	 0.0482977116274755
539.130432128906	 85	 -0.999867388607606	 0.0198559346763904
543.859680175781	 40	 -0.999703187943606	 0.105202797682788
543.859680175781	 45	 -0.9997253573498	 0.103796151950148
543.859680175781	 50	 -0.999750900655625	 0.102034377811802
543.859680175781	 55	 -0.99978015975512	 0.0997697987314675
543.859680175781	 60	 -0.999813443171519	 0.0967312446237036
543.859680175781	 65	 -0.999850706885028	 0.0923690667563008
543.859680175781	 70	 -0.999890503568141	 0.0854182124308984
543.859680175781	 75	 -0.999926630067174	 0.0726243692138764
543.859680175781	 80	 -0.999938053602933	 0.0480809401023922
543.859680175781	 85	 -0.999866748528335	 0.0197787984949221
548.672546386719	 40	 -0.999703493229187	 0.105183895347925
548.672546386719	 45	 -0.999725736045754	 0.1037708275813
548.672546386719	 50	 -0.999751354570193	 0.102000724586467
548.672546386719	 55	 -0.999780684591345	 0.0997249321147997
548.672546386719	 60	 -0.99981402313689	 0.0966703817375702
548.672546386719	 65	 -0.99985130387776	 0.0922833925133437
548.672546386719	 70	 -0.999891036037314	 0.0852898148197056
548.672546386719	 75	 -0.999926938903909	 0.0724207909354891
548.672546386719	 80	 -0.999937899447525	 0.0478400401443723
548.672546386719	 85	 -0.999866125660341	 0.0196839264236455
553.571411132813	 40	 -0.999703633656404	 0.105161912361377
553.571411132813	 45	 -0.999725907575606	 0.103741681266891
553.571411132813	 50	 -0.999751555664028	 0.101962529638626
553.571411132813	 55	 -0.999780909323423	 0.0996749895284749
553.571411132813	 60	 -0.999814257520136	 0.0966045242555011
553.571411132813	 65	 -0.999851518662037	 0.092194666806516
553.571411132813	 70	 -0.999891173101086	 0.0851662540978651
553.571411132813	 75	 -0.999926891089773	 0.0722496321083459
553.571411132813	 80	 -0.999937519820704	 0.0476858294903131
553.571411132813	 85	 -0.999865475469614	 0.0196485989849558
558.558532714844	 40	 -0.999703999155507	 0.105145819654191
558.558532714844	 45	 -0.999726362026925	 0.103719960655195
558.558532714844	 50	 -0.99975210218178	 0.1019333836391
558.558532714844	 55	 -0.999781544368762	 0.0996356199451454
558.558532714844	 60	 -0.999814964988537	 0.0965501344580293
558.558532714844	 65	 -0.999852258013948	 0.0921160564579633
558.558532714844	 70	 -0.999891856149416	 0.0850437233732777
558.558532714844	 75	 -0.999927344424421	 0.0720438092750794
558.558532714844	 80	 -0.999937479805678	 0.0474223106823478
558.558532714844	 85	 -0.999864913598764	 0.0195327604200965
563.636352539063	 40	 -0.999704198282786	 0.105126663344147
563.636352539063	 45	 -0.999726607471968	 0.103694445243851
563.636352539063	 50	 -0.999752393736871	 0.101899739615631
563.636352539063	 55	 -0.999781876940326	 0.0995912466510814
563.636352539063	 60	 -0.999815324433039	 0.0964908752799037
563.636352539063	 65	 -0.99985261293152	 0.0920346277177475
563.636352539063	 70	 -0.999892142261557	 0.0849265035677582
563.636352539063	 75	 -0.999927440898022	 0.0718713469199348
563.636352539063	 80	 -0.999937215594758	 0.0472460637335043
563.636352539063	 85	 -0.99986432550169	 0.0194764233803073
568.807312011719	 40	 -0.999704518207939	 0.105108929347363
568.807312011719	 45	 -0.999727004316709	 0.103670620908852
568.807312011719	 50	 -0.99975286939311	 0.101867965776046
568.807312011719	 55	 -0.999782426941276	 0.0995486803026002
568.807312011719	 60	 -0.999815932410526	 0.0964327446275983
568.807312011719	 65	 -0.999853239599798	 0.0919520193846553
568.807312011719	 70	 -0.999892704188629	 0.0848010636111389
568.807312011719	 75	 -0.999927777263958	 0.0716696268931618
568.807312011719	 80	 -0.99993708945301	 0.0470062377733448
568.807312011719	 85	 -0.999863737346401	 0.0193788349573532
574.074035644531	 40	 -0.999704741590566	 0.10509038274242
574.074035644531	 45	 -0.99972728008082	 0.103645866051834
574.074035644531	 50	 -0.999753197684293	 0.101835233833521
574.074035644531	 55	 -0.999782802693371	 0.0995053445737483
574.074035644531	 60	 -0.999816340908939	 0.0963745527521962
574.074035644531	 65	 -0.999853647760459	 0.0918713959780461
574.074035644531	 70	 -0.99989304402769	 0.0846835052787539
574.074035644531	 75	 -0.999927921053441	 0.0714932543773558
574.074035644531	 80	 -0.999936856735405	 0.0468205330963812
574.074035644531	 85	 -0.999863161568163	 0.0193149499085118
579.439208984375	 40	 -0.999704967809659	 0.105072735483743
579.439208984375	 45	 -0.999727559502959	 0.103622288298588
579.439208984375	 50	 -0.999753530597499	 0.10180401739398
579.439208984375	 55	 -0.999783184208676	 0.0994639409894225
579.439208984375	 60	 -0.999816756556946	 0.0963188129785775
579.439208984375	 65	 -0.999854064846741	 0.091793876145201
579.439208984375	 70	 -0.999893395281938	 0.0845698152337786
579.439208984375	 75	 -0.999928080156393	 0.0713212278154262
579.439208984375	 80	 -0.999936645446764	 0.0466371567141546
579.439208984375	 85	 -0.999862610899064	 0.0192500231477232
584.905700683594	 40	 -0.99970526914513	 0.105057272690552
584.905700683594	 45	 -0.999727933252928	 0.103601469975398
584.905700683594	 50	 -0.999753978515947	 0.101776173756987
584.905700683594	 55	 -0.999783702069438	 0.0994264980611812
584.905700683594	 60	 -0.999817328991965	 0.0962674118605007
584.905700683594	 65	 -0.999854655159041	 0.0917202960452861
584.905700683594	 70	 -0.999893926026447	 0.0844569722004373
584.905700683594	 75	 -0.999928403422488	 0.0711379130438201
584.905700683594	 80	 -0.999936546684428	 0.0464187779111391
584.905700683594	 85	 -0.999862094895964	 0.0191594388728472
590.476196289063	 40	 -0.999705533582417	 0.105040650225968
590.476196289063	 45	 -0.999728260516992	 0.103579176530817
590.476196289063	 50	 -0.999754369508944	 0.101746508277763
590.476196289063	 55	 -0.999784152033842	 0.0993868791934769
590.476196289063	 60	 -0.999817822690246	 0.0962135496614392
590.476196289063	 65	 -0.999855157424258	 0.0916442916118734
590.476196289063	 70	 -0.999894363932721	 0.0843429894286743
590.476196289063	 75	 -0.999928639678478	 0.0709594969648185
590.476196289063	 80	 -0.999936386833691	 0.0462190479726705
590.476196289063	 85	 -0.999861561749098	 0.0190824293375843
596.153869628906	 40	 -0.999705741291705	 0.105024048419068
596.153869628906	 45	 -0.999728516772886	 0.103556994137447
596.153869628906	 50	 -0.999754674311754	 0.101717137267697
596.153869628906	 55	 -0.999784500478618	 0.0993479211580879
596.153869628906	 60	 -0.999818200851222	 0.096161103416712
596.153869628906	 65	 -0.999855534347111	 0.0915713771997247
596.153869628906	 70	 -0.999894676699418	 0.0842362362703412
596.153869628906	 75	 -0.9999287717794	 0.0707992605067515
596.153869628906	 80	 -0.999936177884078	 0.0460526245788677
596.153869628906	 85	 -0.999861050076564	 0.0190244897559516
601.941772460938	 40	 -0.999705963216207	 0.105007679422223
601.941772460938	 45	 -0.999728790783819	 0.103535093737236
601.941772460938	 50	 -0.999755000603162	 0.101688088507658
601.941772460938	 55	 -0.99978487413812	 0.0993092975421477
601.941772460938	 60	 -0.999818607575275	 0.0961089286273726
601.941772460938	 65	 -0.99985594211088	 0.091498469395061
601.941772460938	 70	 -0.999895020241246	 0.0841286526410102
601.941772460938	 75	 -0.999928930178978	 0.0706358478710878
601.941772460938	 80	 -0.999935984535442	 0.0458798241086862
601.941772460938	 85	 -0.999860541244659	 0.01896217097958
607.843139648438	 40	 -0.999706193574434	 0.104993122077415
607.843139648438	 45	 -0.999729075648762	 0.103515563193298
607.843139648438	 50	 -0.999755340566813	 0.101662088118399
607.843139648438	 55	 -0.999785264755454	 0.0992745539559125
607.843139648438	 60	 -0.999819035124334	 0.0960616614255883
607.843139648438	 65	 -0.999856375345292	 0.0914317219720728
607.843139648438	 70	 -0.999895395016188	 0.0840285497938099
607.843139648438	 75	 -0.999929127143739	 0.070479907323906
607.843139648438	 80	 -0.999935838049138	 0.0457084198480029
607.843139648438	 85	 -0.9998600786875	 0.0188964758936776
613.861389160156	 40	 -0.999706431245112	 0.104976886634047
613.861389160156	 45	 -0.99972936922645	 0.103493808184229
613.861389160156	 50	 -0.999755690372253	 0.101633173844249
613.861389160156	 55	 -0.999785665729711	 0.0992360035101005
613.861389160156	 60	 -0.999819472333236	 0.0960093842501753
613.861389160156	 65	 -0.999856815270427	 0.0913582611488926
613.861389160156	 70	 -0.999895769425211	 0.0839192630136223
613.861389160156	 75	 -0.99992931006608	 0.070312163321329
613.861389160156	 80	 -0.999935657032522	 0.0455290878572402
613.861389160156	 85	 -0.999859570785225	 0.0188298881140907
620	 40	 -0.999706637371681	 0.10496141081456
620	 45	 -0.999729623480544	 0.103473100505612
620	 50	 -0.999755992716355	 0.101605703575205
620	 55	 -0.999786011260617	 0.099199473633539
620	 60	 -0.999819847248081	 0.0959600329310622
620	 65	 -0.999857189086344	 0.0912893092620251
620	 70	 -0.999896080670694	 0.0838176547556419
620	 75	 -0.999929446228845	 0.070158910766135
620	 80	 -0.999935466453384	 0.0453705322108294
620	 85	 -0.999859095043394	 0.0187733470491895
626.262634277344	 40	 -0.99970689107059	 0.104945308777039
626.262634277344	 45	 -0.999729936964363	 0.103451489596661
626.262634277344	 50	 -0.999756366424959	 0.10157692014207
626.262634277344	 55	 -0.99978643997078	 0.099160987983246
626.262634277344	 60	 -0.999820315361688	 0.0959076352982914
626.262634277344	 65	 -0.999857661535978	 0.0912152565711054
626.262634277344	 70	 -0.999896486173992	 0.0837065810449315
626.262634277344	 75	 -0.999929653689318	 0.0699866877184582
626.262634277344	 80	 -0.999935297607607	 0.0451845916603157
626.262634277344	 85	 -0.999858587959071	 0.018702487837273
632.653076171875	 40	 -0.999707066168006	 0.104930510627823
632.653076171875	 45	 -0.999730152480057	 0.103431718916799
632.653076171875	 50	 -0.999756621920433	 0.101550746485802
632.653076171875	 55	 -0.999786730620599	 0.0991262812444964
632.653076171875	 60	 -0.999820628362177	 0.0958609418326904
632.653076171875	 65	 -0.999857969230346	 0.0911504424634946
632.653076171875	 70	 -0.999896733561211	 0.0836121423633956
632.653076171875	 75	 -0.999929741471618	 0.0698474246272336
632.653076171875	 80	 -0.999935095279402	 0.0450469540934256
632.653076171875	 85	 -0.999858143233626	 0.0186560697605444
639.175231933594	 40	 -0.999707289007031	 0.1049150872156
639.175231933594	 45	 -0.999730427429938	 0.103411045623015
639.175231933594	 50	 -0.999756949016186	 0.101523259310914
639.175231933594	 55	 -0.999787104707097	 0.0990896161104698
639.175231933594	 60	 -0.999821034821872	 0.0958111943593667
639.175231933594	 65	 -0.9998583757903	 0.0910805083018245
639.175231933594	 70	 -0.999897075363149	 0.0835081924854164
639.175231933594	 75	 -0.999929900586335	 0.0696891025843795
639.175231933594	 80	 -0.999934914609633	 0.0448818813219559
639.175231933594	 85	 -0.999857667110847	 0.0185953335970185
645.833374023438	 40	 -0.999707513028866	 0.104899559940975
645.833374023438	 45	 -0.999730703766162	 0.103390230756749
645.833374023438	 50	 -0.999757277638992	 0.101495579915871
645.833374023438	 55	 -0.999787480337082	 0.0990526877987378
645.833374023438	 60	 -0.99982144262136	 0.0957610784366625
645.833374023438	 65	 -0.999858783125584	 0.0910100396614425
645.833374023438	 70	 -0.999897416854854	 0.0834034501147631
645.833374023438	 75	 -0.999930057806896	 0.0695298376068611
645.833374023438	 80	 -0.999934730874239	 0.0447167879947675
645.833374023438	 85	 -0.999857189228348	 0.0185346874776585
652.631591796875	 40	 -0.999707718281731	 0.104885203008628
652.631591796875	 45	 -0.99973095686155	 0.103370985294766
652.631591796875	 50	 -0.999757578474447	 0.101469988559036
652.631591796875	 55	 -0.99978782395485	 0.0990185476100578
652.631591796875	 60	 -0.99982181524234	 0.095714752460238
652.631591796875	 65	 -0.999859154583056	 0.090944919649027
652.631591796875	 70	 -0.99989772692181	 0.0833067399770768
652.631591796875	 75	 -0.999930197828245	 0.0693832227096473
652.631591796875	 80	 -0.999934558149717	 0.0445659911809129
652.631591796875	 85	 -0.999856749210105	 0.0184795471115798
659.574462890625	 40	 -0.999707918342393	 0.10487240940765
659.574462890625	 45	 -0.999731203763324	 0.103353805126635
659.574462890625	 50	 -0.999757872301782	 0.101447090182662
659.574462890625	 55	 -0.999788160184712	 0.0989879031356311
659.574462890625	 60	 -0.999822180979015	 0.0956729840948472
659.574462890625	 65	 -0.999859521378906	 0.0908858215046109
659.574462890625	 70	 -0.999898037814193	 0.0832181044083854
659.574462890625	 75	 -0.999930349929759	 0.0692468794990537
659.574462890625	 80	 -0.99993441599194	 0.04442281953289
659.574462890625	 85	 -0.999856352125109	 0.0184254145131209
666.666687011719	 40	 -0.999708125529568	 0.104857885236983
666.666687011719	 45	 -0.999731459122281	 0.103334331371334
666.666687011719	 50	 -0.999758175624373	 0.101421188293164
666.666687011719	 55	 -0.999788506305782	 0.0989533368089795
666.666687011719	 60	 -0.999822555754417	 0.0956260598474413
666.666687011719	 65	 -0.999859894048027	 0.0908198309396859
666.666687011719	 70	 -0.999898347302369	 0.0831201015139265
666.666687011719	 75	 -0.999930486797626	 0.0690987436228306
666.666687011719	 80	 -0.999934238281721	 0.0442720239942992
666.666687011719	 85	 -0.999855909333505	 0.018370429463412
673.913024902344	 40	 -0.99970833372093	 0.104843270826919
673.913024902344	 45	 -0.999731715654754	 0.103314734567643
673.913024902344	 50	 -0.999758480233669	 0.101395119268362
673.913024902344	 55	 -0.999788853717239	 0.0989185415680175
673.913024902344	 60	 -0.999822931631861	 0.0955788150987539
673.913024902344	 65	 -0.99986026731957	 0.0907533759853074
673.913024902344	 70	 -0.999898656451307	 0.0830214143262819
673.913024902344	 75	 -0.999930621980701	 0.0689498180121131
673.913024902344	 80	 -0.999934057939876	 0.0441212385505716
673.913024902344	 85	 -0.999855465072561	 0.0183155211196609
681.318664550781	 40	 -0.999708522571682	 0.104829871830026
681.318664550781	 45	 -0.999731948272078	 0.103296768710618
681.318664550781	 50	 -0.999758756305447	 0.101371222037658
681.318664550781	 55	 -0.999789168345226	 0.0988866495075651
681.318664550781	 60	 -0.999823271637385	 0.0955355222064436
681.318664550781	 65	 -0.999860604262836	 0.090692506653269
681.318664550781	 70	 -0.999898934212629	 0.0829311177334075
681.318664550781	 75	 -0.999930740739241	 0.0688139950058831
681.318664550781	 80	 -0.999933889974931	 0.043984794702362
681.318664550781	 85	 -0.999855059505757	 0.0182660814962774
688.888916015625	 40	 -0.999708706001299	 0.104818082939155
688.888916015625	 45	 -0.999732174439779	 0.103280930843068
688.888916015625	 50	 -0.999759025108472	 0.101350101052743
688.888916015625	 55	 -0.999789475360203	 0.0988583637911697
688.888916015625	 60	 -0.999823604636483	 0.095496935331776
688.888916015625	 65	 -0.999860936632053	 0.0906378609925007
688.888916015625	 70	 -0.99989921324469	 0.0828491641392019
688.888916015625	 75	 -0.999930872504258	 0.0686886923511299
688.888916015625	 80	 -0.999933753784943	 0.0438558770685734
688.888916015625	 85	 -0.999854697484356	 0.0182176036302269
696.629211425781	 40	 -0.999708890215992	 0.104806234324913
696.629211425781	 45	 -0.999732401528556	 0.103265011037058
696.629211425781	 50	 -0.999759294927705	 0.101328867900112
696.629211425781	 55	 -0.999789783405737	 0.0988299228827146
696.629211425781	 60	 -0.999823938538173	 0.095458128231863
696.629211425781	 65	 -0.999861269545056	 0.0905828903602528
696.629211425781	 70	 -0.999899492134583	 0.0827667195413851
696.629211425781	 75	 -0.999931003142986	 0.0685628015037743
696.629211425781	 80	 -0.999933615769798	 0.0437269377783574
696.629211425781	 85	 -0.999854334441124	 0.0181691779911169
704.545471191406	 40	 -0.999709060927581	 0.104793949358091
704.545471191406	 45	 -0.999732611635571	 0.103248537498882
704.545471191406	 50	 -0.999759544003835	 0.101306953508872
704.545471191406	 55	 -0.999790066799812	 0.0988006740552649
704.545471191406	 60	 -0.999824244002947	 0.0954184211951678
704.545471191406	 65	 -0.999861570908597	 0.0905270727236642
704.545471191406	 70	 -0.999899738162673	 0.0826840219360969
704.545471191406	 75	 -0.999931103582725	 0.0684391716013446
704.545471191406	 80	 -0.999933457220389	 0.0436048389250858
704.545471191406	 85	 -0.999853965926065	 0.0181252874358988
712.643676757813	 40	 -0.999709252992108	 0.104780266770803
712.643676757813	 45	 -0.999732848005686	 0.103230184454138
712.643676757813	 50	 -0.9997598241856	 0.101282529535451
712.643676757813	 55	 -0.999790385542032	 0.0987680591332366
712.643676757813	 60	 -0.999824587510984	 0.0953741138233372
712.643676757813	 65	 -0.999861909750456	 0.0904647298031891
712.643676757813	 70	 -0.999900014824257	 0.0825915526975602
712.643676757813	 75	 -0.999931217003656	 0.0683008703385778
712.643676757813	 80	 -0.999933281009016	 0.0434684399018421
712.643676757813	 85	 -0.999853555796241	 0.0180760813410508
720.930236816406	 40	 -0.999709398008822	 0.104770908155292
720.930236816406	 45	 -0.999733026662883	 0.103217606554864
720.930236816406	 50	 -0.99976003627515	 0.101265747492547
720.930236816406	 55	 -0.999790627372947	 0.0987455698018779
720.930236816406	 60	 -0.999824849134218	 0.0953434100028959
720.930236816406	 65	 -0.999862169759288	 0.0904212125388032
720.930236816406	 70	 -0.999900231230957	 0.082526292853579
720.930236816406	 75	 -0.999931315869122	 0.0682016411352488
720.930236816406	 80	 -0.999933169399752	 0.0433681631825714
720.930236816406	 85	 -0.99985327109906	 0.0180385427425802
729.411743164063	 40	 -0.999709570724897	 0.104758438460599
729.411743164063	 45	 -0.999733239104724	 0.103200881014136
729.411743164063	 50	 -0.999760287898294	 0.101243490642261
729.411743164063	 55	 -0.999790913299105	 0.0987158517188804
729.411743164063	 60	 -0.999825156722368	 0.095303045884109
729.411743164063	 65	 -0.999862472207352	 0.0903644440775385
729.411743164063	 70	 -0.999900476427695	 0.0824422045887405
729.411743164063	 75	 -0.99993141280315	 0.0680764635441394
729.411743164063	 80	 -0.999933005561765	 0.0432461290196572
729.411743164063	 85	 -0.999852899684137	 0.0179948004444633
738.095275878906	 40	 -0.999709716817975	 0.104748992563404
738.095275878906	 45	 -0.999733419020844	 0.103188183544188
738.095275878906	 50	 -0.99976050137019	 0.101226545233106
738.095275878906	 55	 -0.999791156520579	 0.0986931369591467
738.095275878906	 60	 -0.999825419543378	 0.0952720234208449
738.095275878906	 65	 -0.999862732898422	 0.0903204596748565
738.095275878906	 70	 -0.999900692550477	 0.0823762484702812
738.095275878906	 75	 -0.999931510024047	 0.0679764329749822
738.095275878906	 80	 -0.999932891379673	 0.043145848372091
738.095275878906	 85	 -0.99985261356159	 0.0179573304105699
746.987976074219	 40	 -0.999709890756777	 0.104736410756401
746.987976074219	 45	 -0.999733632883373	 0.103171304859983
746.987976074219	 50	 -0.999760754536965	 0.101204079930527
746.987976074219	 55	 -0.999791443970499	 0.0986631326765924
746.987976074219	 60	 -0.999825728389614	 0.095231257611369
746.987976074219	 65	 -0.999863035948806	 0.0902631086301915
746.987976074219	 70	 -0.999900937158348	 0.0822913083005635
746.987976074219	 75	 -0.999931604735579	 0.067850323466973
746.987976074219	 80	 -0.999932724290507	 0.0430238895964843
746.987976074219	 85	 -0.999852240449434	 0.0179136897117832
756.097595214844	 40	 -0.99971005901197	 0.104725510274536
756.097595214844	 45	 -0.999733840011769	 0.103156649371012
756.097595214844	 50	 -0.999761000161564	 0.10118451684945
756.097595214844	 55	 -0.999791723602351	 0.0986369012147552
756.097595214844	 60	 -0.999826030186737	 0.0951954192436274
756.097595214844	 65	 -0.999863334690151	 0.0902122777594815
756.097595214844	 70	 -0.999901183804583	 0.0822150922261988
756.097595214844	 75	 -0.999931713868059	 0.0677350466609929
756.097595214844	 80	 -0.999932590719514	 0.0429092793938614
756.097595214844	 85	 -0.999851911742576	 0.0178709458292563
765.432067871094	 40	 -0.999710192024841	 0.104715548613161
765.432067871094	 45	 -0.999734003415514	 0.103143291252925
765.432067871094	 50	 -0.999761193362285	 0.101166747407038
765.432067871094	 55	 -0.999791942570163	 0.0986131874640278
765.432067871094	 60	 -0.999826264769577	 0.0951632383351878
765.432067871094	 65	 -0.999863563642694	 0.0901670921053556
765.432067871094	 70	 -0.999901366247499	 0.0821484156590793
765.432067871094	 75	 -0.999931779291444	 0.0676368958366834
765.432067871094	 80	 -0.999932454050828	 0.0428160216525239
765.432067871094	 85	 -0.999851619198742	 0.0178380710811506
775	 40	 -0.999710340222365	 0.104705930139233
775	 45	 -0.999734185789122	 0.103130357293579
775	 50	 -0.999761409525965	 0.101149478780571
775	 55	 -0.999792188488051	 0.098590026544826
775	 60	 -0.999826529893126	 0.0951315850850192
775	 65	 -0.999863825606419	 0.0901221833305989
775	 70	 -0.999901581733597	 0.0820810861899196
775	 75	 -0.999931873217277	 0.0675353106338398
775	 80	 -0.999932334810323	 0.0427157582734644
775	 85	 -0.99985133031078	 0.0178007366187904
784.810119628906	 40	 -0.999710340222365	 0.104705930139233
784.810119628906	 45	 -0.999734185789122	 0.103130357293579
784.810119628906	 50	 -0.999761409525965	 0.101149478780571
784.810119628906	 55	 -0.999792188488051	 0.098590026544826
784.810119628906	 60	 -0.999826529893126	 0.0951315850850192
784.810119628906	 65	 -0.999863825606419	 0.0901221833305989
784.810119628906	 70	 -0.999901581733597	 0.0820810861899196
784.810119628906	 75	 -0.999931873217277	 0.0675353106338398
784.810119628906	 80	 -0.999932334810323	 0.0427157582734644
784.810119628906	 85	 -0.99985133031078	 0.0178007366187904
794.871826171875	 40	 -0.999710687298654	 0.104682022148721
794.871826171875	 45	 -0.999734612463991	 0.103098240668039
794.871826171875	 50	 -0.99976191451319	 0.101106655942168
794.871826171875	 55	 -0.999792761723426	 0.0985326971158791
794.871826171875	 60	 -0.9998271456929	 0.0950534405277437
794.871826171875	 65	 -0.999864430042972	 0.0900117573285918
794.871826171875	 70	 -0.999902071046341	 0.0819166314502811
794.871826171875	 75	 -0.999932068818577	 0.067290295475813
794.871826171875	 80	 -0.999932021876188	 0.0424793582203273
794.871826171875	 85	 -0.999850621911803	 0.0177146911473203
805.19482421875	 40	 -0.999710865116942	 0.10466908501775
805.19482421875	 45	 -0.99973483083532	 0.103080876591249
805.19482421875	 50	 -0.999762172581656	 0.101083529915588
805.19482421875	 55	 -0.999793054018252	 0.0985017856836036
805.19482421875	 60	 -0.999827458554789	 0.0950114017468754
805.19482421875	 65	 -0.999864735057811	 0.0899525616329916
805.19482421875	 70	 -0.999902313898935	 0.0818290031261268
805.19482421875	 75	 -0.999932156689203	 0.0671612822730723
805.19482421875	 80	 -0.999931844728377	 0.0423575804697066
805.19482421875	 85	 -0.999850243403238	 0.0176713213339732
815.789489746094	 40	 -0.999711015566315	 0.104659280427751
815.789489746094	 45	 -0.999735015831681	 0.103067687344021
815.789489746094	 50	 -0.999762391606347	 0.10106591197868
815.789489746094	 55	 -0.999793302781725	 0.098478141944954
815.789489746094	 60	 -0.99982772607205	 0.0949790649421736
815.789489746094	 65	 -0.999864998273545	 0.0899066504575798
815.789489746094	 70	 -0.999902528556429	 0.0817601892728068
815.789489746094	 75	 -0.999932246944359	 0.0670580571693014
815.789489746094	 80	 -0.999931720030685	 0.0422573876930807
815.789489746094	 85	 -0.999849951633556	 0.0176341416595942
826.666687011719	 40	 -0.999711173119951	 0.104647630612357
826.666687011719	 45	 -0.999735209201187	 0.103052052605606
826.666687011719	 50	 -0.999762619934313	 0.101045092020103
826.666687011719	 55	 -0.999793561066985	 0.0984503188073724
826.666687011719	 60	 -0.999828001979617	 0.0949412397513937
826.666687011719	 65	 -0.999865266297422	 0.0898534259628663
826.666687011719	 70	 -0.999902740181803	 0.0816815393217627
826.666687011719	 75	 -0.999932319768301	 0.066942886955181
826.666687011719	 80	 -0.999931557550343	 0.0421499779649343
826.666687011719	 85	 -0.999849613103694	 0.0175961592623817
