wavelength(nm)	n	k
350.397168	5.575116341630876	2.882910135668192
351.986475	5.6298647781181845	2.8824680694763307
353.575781	5.694208143891422	2.882170454882583
355.165088	5.769801086624469	2.8801236964544685
356.75437	5.857976065764184	2.8738368981496003
358.343628	5.9597321522128945	2.8602318297626708
359.932886	6.075871598296093	2.835344874766613
361.522144	6.206326392813432	2.794090834010452
363.111377	6.349376192069463	2.729877722493173
364.70061	6.500291087028736	2.635204075666949
366.289819	6.649952740238603	2.5032917564574166
367.879028	6.7842598306325055	2.331411551765235
369.468213	6.887683269547692	2.124247510472044
371.057397	6.947543735653309	1.8939306814311805
372.646582	6.958287367916266	1.658044165863544
374.235718	6.923734883420335	1.4337751090573343
375.824878	6.853906192718896	1.2334619583144117
377.414014	6.761712158417996	1.0628069142880072
379.003125	6.65841017363165	0.9211044821302435
380.592236	6.551878742729575	0.8047351214716573
382.181323	6.446776029659363	0.709071570948483
383.77041	6.345256753609955	0.6300582639411261
385.359473	6.248405544459633	0.5645224752353325
386.948535	6.156747772963972	0.5100014047453381
388.537573	6.070521381726914	0.4645420113774254
390.126587	5.989782603562512	0.42647891819062067
391.715601	5.914436142331307	0.3943711486134388
393.30459	5.844224879010703	0.3670150240551963
394.893579	5.778823671852621	0.34339498460491763
396.482544	5.7178571457018235	0.3226682319382786
398.071484	5.660865047746589	0.30418530025449164
399.660425	5.607404589345942	0.2874450235957024
401.249341	5.557086593218128	0.2720884950257168
402.838232	5.509525909931927	0.25784852730556024
404.4271	5.464365322283737	0.24452896409732916
406.015967	5.421319403131658	0.23201705687064772
407.60481	5.380172801802279	0.22023002114526868
409.193652	5.3407610074366705	0.2091046253146325
410.782471	5.302878279302759	0.1986006600421269
412.37124	5.266344648088763	0.18869050480439564
413.96001	5.2311040450688076	0.17935514772375752
415.548779	5.197075860030774	0.17057504348002134
417.1375	5.16412516557611	0.16232799900279596
418.726221	5.13221193718985	0.15459618689542262
420.314893	5.101348438570125	0.1473640887439339
421.903564	5.071440936476967	0.14060637380260868
423.492236	5.042393986903566	0.13429789121053232
425.080859	5.014221701041163	0.128423927549287
426.669482	4.986928007857776	0.12296526852842209
428.258057	4.9604638950695685	0.11789191527289582
429.846582	4.934777442652487	0.11318011024109165
431.435156	4.909821620163642	0.10881482580184397
433.023633	4.8855846401650656	0.10477576319701275
434.612158	4.862074148058695	0.10103657458266808
436.200586	4.839266109558265	0.09757610241848948
437.789063	4.817109765157416	0.09437558951653353
439.377441	4.795575275335149	0.09141677855268159
440.965869	4.774641233174638	0.08868086355869056
442.554199	4.754315942282605	0.0861504907272529
444.142529	4.734607188125674	0.08380858782686261
445.730859	4.715458003447699	0.081640226027532
447.319141	4.696795270025599	0.07963141103367831
448.907373	4.678634144874202	0.0777682132352776
450.495605	4.661017795856712	0.07603701037009043
452.083789	4.643901264785067	0.07442677111351695
453.671973	4.627203058036183	0.0729275296949714
455.260107	4.61092687926636	0.07152894276966193
456.848193	4.595120173633487	0.07022047708108117
458.436279	4.579757484563823	0.06899365493966275
460.024316	4.5647615440692855	0.06784164726422737
461.612305	4.550110721463237	0.06675749305461122
463.200293	4.535842767775635	0.06573407953748034
464.788232	4.521967648488841	0.06476508249734349
466.376172	4.508444356339271	0.06384528089418773
467.964014	4.495237069963188	0.06296997277691699
469.551855	4.482330967283636	0.06213523468935165
471.139697	4.469717475671943	0.06133733303661124
472.727441	4.45739745289545	0.06057250096974799
474.315186	4.445371906385834	0.059836908117607224
475.902881	4.433629007210417	0.05912753741629776
477.490527	4.422147322743517	0.05844185104627242
479.078174	4.410916912024437	0.057777587478355055
480.665771	4.399946011333603	0.05713294506856312
482.25332	4.389236191598837	0.05650616634540167
483.84082	4.378760963331697	0.05589562087167454
485.428271	4.368489149440162	0.05529972956938994
487.015723	4.358409896317084	0.05471716232726768
488.603125	4.3485264289186585	0.054146800745140895
490.19043	4.338842762055359	0.05358757852716234
491.777734	4.3293631921180245	0.05303847721917098
493.36499	4.320089241466834	0.05249860765837782
494.952246	4.31099568234687	0.051967517926802306
496.539404	4.302047494935315	0.0514449987248876
498.126514	4.293235448920945	0.0509304954738758
499.713623	4.28459097807584	0.05042300414723445
501.300684	4.276143557089522	0.04992160237687849
502.887646	4.267881792886972	0.049425987837964126
504.474609	4.259776224942766	0.04893607374647154
506.061523	4.251803258244785	0.04845180242317124
507.64834	4.243949038294156	0.047973079201302296
509.235156	4.236202114307104	0.047499746113405024
510.821924	4.228576305026047	0.04703149428572358
512.408643	4.221101566002177	0.04656787151842907
513.995264	4.213796301144951	0.04610853742643349
515.581885	4.206631071546533	0.04565350125644394
517.168457	4.199565881081455	0.04520290920790604
518.754932	4.192580209438101	0.044756805602808696
520.341406	4.185684519881074	0.044315030429861575
521.927783	4.178892942434738	0.043877453675378486
523.51416	4.172217770852224	0.043443749389442
525.100439	4.165671309863108	0.04301352951889263
526.68667	4.159261259565835	0.042586452921961795
528.272852	4.152965950978569	0.042162870996338093
529.858984	4.14675031720448	0.04174344242323739
531.445068	4.14058841209383	0.041328614872555694
533.031055	4.134495334256069	0.04091790879652881
534.616992	4.128497143070679	0.04051055883550028
536.202881	4.122611142499469	0.04010605374477485
537.788721	4.116826896829014	0.03970463577063404
539.374512	4.111128603942817	0.039306692376965144
540.960254	4.1055051003208884	0.03891249127996596
542.545898	4.099957178838411	0.03852200793563062
544.131494	4.09448712606517	0.0381351456093378
545.716992	4.089096892676736	0.037751804695868495
547.30249	4.0837862762144255	0.03737178359661671
548.887891	4.078555484814407	0.03699491802621215
550.473242	4.073402533532328	0.036621094337126806
552.058496	4.068321169020574	0.03625044920769611
553.643701	4.063304075174841	0.035883134741669064
555.228857	4.058345291867798	0.03551925674546656
556.813965	4.053443035673824	0.03515871967173051
558.398975	4.048596589619223	0.03480139560590277
559.983936	4.043805796116301	0.03444715147834548
561.568799	4.039075476173391	0.0340959696392462
563.153613	4.034411733532714	0.03374784212587097
564.73833	4.029820283450925	0.033402783154777696
566.322998	4.025299473346464	0.03306079383198082
567.907617	4.0208435606415485	0.03272189056164083
569.492139	4.016446845966036	0.032386099250808015
571.076611	4.012102282845585	0.032053403475085895
572.660986	4.007801793234477	0.03172378026294954
574.245313	4.003536968445669	0.03139718503861353
575.829541	3.99930489578617	0.031073584799843443
577.413672	3.9951176752832263	0.03075290898254362
578.997803	3.990989890619903	0.030435063303063843
580.581787	3.986934851948537	0.03012001234792196
582.165723	3.982946950129059	0.029807765887491174
583.749609	3.9790106655042634	0.029498406633618336
585.333398	3.9751105588688267	0.029192025807031997
586.91709	3.971238798592185	0.028888636155143997
588.500684	3.9674017517752467	0.028588123519302736
590.084229	3.9636071881376247	0.028290350768313512
591.667725	3.959862315947032	0.027995198514190474
593.251123	3.956168583678524	0.027702627941768705
594.834424	3.9525243162738417	0.027412627395631925
596.417627	3.9489278180702914	0.02712518592531508
598.000781	3.945376724949493	0.02684029649968927
599.583838	3.9418675256619986	0.026558001198862806
601.166797	3.9383963970887392	0.02627833826349198
602.749707	3.934959468645922	0.026001335992134503
604.33252	3.931554381416917	0.025727013137518264
605.915234	3.928179939713264	0.025455354391884007
607.497852	3.924834989913241	0.025186342523319357
609.08042	3.921518861482789	0.02491994556765918
610.662891	3.918235564096637	0.024656088083377922
612.245264	3.9149911226649055	0.024394658876845915
613.827539	3.911791570186206	0.024135546462350135
615.409717	3.9086402586530515	0.023878672846697802
616.991846	3.905529030885974	0.02362409589746091
618.573877	3.9024468809791335	0.023371927350058514
620.155762	3.8993828049749744	0.023122278408926365
621.737598	3.8963301793030647	0.022875183110510254
623.319385	3.8932964696124897	0.022630529000747364
624.901025	3.890291906728721	0.02238818850061769
626.482568	3.887326426061391	0.022148011259743017
628.064063	3.884405991736264	0.021909900100497388
629.64541	3.881526298947124	0.021673920047842972
631.226709	3.878680949465119	0.0214401290459923
632.807861	3.875863909079763	0.021208614546143884
634.388965	3.8730704505845757	0.020979400413956135
635.969971	3.870301074882878	0.02075242943431728
637.55083	3.8675572008173185	0.020527624846468005
639.131641	3.8648399902475425	0.020304888910925883
640.712354	3.8621505171216053	0.02008416341391506
642.29292	3.859488344699687	0.01986546918062898
643.873438	3.8568523789067934	0.01964882814699415
645.453857	3.854241778983344	0.0194342830184175
647.034131	3.851655817861394	0.019221867932595445
648.614355	3.8490945891660395	0.019011533945282384
650.194434	3.8465590222966815	0.018803225396872326
651.774414	3.844049821311743	0.01859686761117227
653.354346	3.8415676155469476	0.018392387134559342
654.934131	3.839111295446153	0.01818977569827346
656.513818	3.836677313546852	0.017989056997227408
658.093408	3.834262083404153	0.017790263653614826
659.6729	3.831862023239781	0.01759342852751564
661.252246	3.8294749544539566	0.017398576483807875
662.831543	3.827102899470139	0.017205668880180644
664.410693	3.8247490895037366	0.017014681561493782
665.989746	3.82241653203426	0.016825572282089963
667.568701	3.8201081747947057	0.01663830523384384
669.147559	3.817824685919827	0.016452847213662296
670.72627	3.81556491731993	0.016269173289454444
672.304883	3.8133275217688487	0.01608724703806853
673.883447	3.8111111552747543	0.015907032263239442
675.461816	3.8089150703873376	0.015728516851575676
677.040137	3.8067394794173466	0.01555166350215791
678.618311	3.8045852983796093	0.015376464858256438
680.196387	3.8024532386326872	0.015202896959574323
681.774365	3.8003440639399635	0.015030941500385173
683.352246	3.798257249250402	0.014860591246633187
684.92998	3.796190087497961	0.014691863917331524
686.507617	3.79413951475661	0.014524768446154596
688.085107	3.79210259905216	0.01435932440259226
689.662549	3.7900763354090774	0.014195534876775077
691.239795	3.7880608776082103	0.014033407663033124
692.816992	3.7860589129233575	0.013872898589283006
694.394043	3.7840735712042473	0.013713987578806774
695.970996	3.782107796819688	0.013556639784336875
697.547852	3.7801643874119124	0.013400825760998773
699.124561	3.77824290381501	0.013246530357175691
700.701172	3.776340128708829	0.01309373619580932
702.277637	3.7744528883935584	0.012942435567561575
703.854004	3.7725778952100906	0.012792611509846437
705.430225	3.7707121550441802	0.012644256031174285
707.006396	3.7688556129612034	0.012497344045947774
708.582373	3.7670111446244237	0.012351869828828663
710.158301	3.765181369954576	0.012207800759722767
711.734033	3.763369247756768	0.012065131048939465
713.309717	3.761577323452141	0.011923828293391283
714.885254	3.759805988881989	0.011783889823418242
716.460645	3.7580525393679	0.011645312915271128
718.035938	3.756314038328556	0.011508091326774222
719.611133	3.7545876045217548	0.011372223100304883
721.186182	3.752870413832481	0.011237710345674036
722.761084	3.7511609779072352	0.011104546682555057
724.335937	3.7494611407859906	0.010972706637048246
725.910596	3.7477735319663905	0.010842183456278428
727.485156	3.7461005209139837	0.010712950320672562
729.059619	3.744444576921514	0.0105849882485363
730.633936	3.742807824826886	0.010458283221945992
732.208105	3.741189176433829	0.010332824257134245
733.782178	3.7395859758008467	0.010208599436043079
735.356152	3.737995615872029	0.010085601302901096
736.92998	3.7364155345359085	0.009963825783130629
738.503662	3.7348431378911795	0.009843265061019296
740.077246	3.7332774231063177	0.009723905735030857
741.650684	3.731720581166836	0.009605738004579496
743.224023	3.7301750525109894	0.009488744489038012
744.797217	3.7286433680697346	0.009372914765846658
746.370264	3.7271280136591236	0.009258235093203337
747.943213	3.7256312020300846	0.009144688484911028
749.516016	3.7241519904114915	0.009032271064297218
751.088721	3.7226868937235094	0.008920976641344384
752.661279	3.7212324589628705	0.0088108060373526
754.23374	3.7197851428019604	0.008701753105308881
755.806055	3.718341494961286	0.008593818601585928
757.378223	3.7168985820385676	0.008486998599425368
758.950293	3.715457372514059	0.00838127664369344
760.522217	3.714020620782734	0.00827663889397504
762.093994	3.712591043180433	0.008173068291301856
763.665674	3.711171308619068	0.008070544473348854
765.237256	3.7097641316793815	0.00796905049362061
766.808643	3.7083719825382904	0.007868576563540022
768.379932	3.7069952488214426	0.007769106527075381
769.951123	3.705633716530713	0.007670632725506345
771.522119	3.704287253498506	0.007573153494496772
773.093018	3.7029555596315964	0.00747665501426126
774.663818	3.701638421975451	0.007381129761712931
776.234473	3.7003354920803795	0.007286573078990233
777.80498	3.6990450566610953	0.007192979442294286
779.375342	3.697764779379342	0.007100343806719402
780.945605	3.696492287035786	0.007008658644054281
782.515723	3.695225282344124	0.00691792182774308
784.085742	3.6939613946634853	0.0068281258890990236
785.655615	3.692698452632132	0.0067392685384588214
787.225342	3.6914366268875547	0.006651341499339793
788.794971	3.6901782000873276	0.006564330906141097
790.364453	3.6889256090480465	0.006478228196612962
791.933789	3.687681249033371	0.006393022001701722
793.503027	3.6864474772183575	0.006308698448281679
795.07207	3.6852267619611907	0.006225251448361832
796.641064	3.6840204593080923	0.006142663166612741
798.209863	3.6828276230302768	0.006060934468677394
799.778564	3.6816466915244908	0.00598005399629093
801.347168	3.680476178020245	0.005900015474954351
802.915625	3.679314633964914	0.0058208151964016346
804.483936	3.6781605730853686	0.005742446814741745
806.0521	3.6770125604326593	0.00566490407987356
807.620166	3.675870039328991	0.00558817815843815
809.188086	3.6747333331253484	0.005512264858878462
810.755859	3.6736027584465334	0.005437157650242659
812.323535	3.6724785952585703	0.005362847598485225
813.891064	3.6713611952838052	0.005289330538094524
815.458496	3.6702508386067225	0.005216597591333774
817.025781	3.669147837002114	0.005144644479403804
818.59292	3.668052165215723	0.005073463993521314
820.159961	3.666963626572038	0.0050030465845566025
821.726855	3.665882091312672	0.00493338708693531
823.293555	3.6648074275397726	0.0048644801576782
824.860254	3.663739339544373	0.0047963099830861215
826.426758	3.6626777963303176	0.00472887768193844
827.993066	3.661622654981223	0.004662175954380878
829.559375	3.6605737728293617	0.004596189921675134
831.125488	3.659531323798199	0.0045309216769093795
832.691504	3.658495283506533	0.004466360824559577
834.257324	3.657465758940556	0.004402505180032465
835.823145	3.656442662645215	0.004339340511406035
837.38877	3.655426165391399	0.004276868570304896
838.954199	3.6544162879936044	0.004215083114533113
840.519531	3.6534127908209597	0.004153974843453804
842.084863	3.652415324907539	0.004093535150058261
843.649902	3.651423787875538	0.004033770408986657
845.214941	3.650437705135002	0.003974664494916875
846.779785	3.649456911267542	0.003916219900494538
848.344531	3.648481056826101	0.003858428071612594
849.90918	3.647509863124769	0.0038012840862522027
851.473633	3.646543552384322	0.003744785865340208
853.037988	3.645582826445961	0.0036889231476022718
854.602246	3.6446284907394273	0.003633689163929366
856.166406	3.6436813516165953	0.003579077218716221
857.730371	3.642742272490566	0.0035250839128679787
859.294238	3.641811999375197	0.0034716991152705903
860.858008	3.640891336361319	0.0034189160695603355
862.421582	3.6399809389608517	0.003366731620870443
863.985156	3.6390799409078323	0.003315134614248769
865.548535	3.638187159612434	0.003264127608180654
867.111816	3.6373012430038267	0.0032137035102071
868.675	3.636420895110143	0.0031638584167115163
870.237988	3.635544876395825	0.003114591560835132
871.800879	3.6346718367566835	0.0030658959003126087
873.363672	3.6338004832024633	0.003017767599825795
874.926367	3.6329299218206024	0.0029702026088825246
876.488965	3.6320605180924423	0.0029231962651095978
878.051367	3.6311929406859558	0.0028767467498609853
879.613672	3.6303277478946097	0.0028308463255571157
881.175879	3.6294655534575124	0.0027854902809017028
882.737988	3.628606970326954	0.0027406738764453095
884.3	3.627752610678846	0.0026963923463107055
885.861914	3.6269030875042345	0.002652640983375956
887.423633	3.6260589854558485	0.00260941767841507
888.985254	3.6252205427847324	0.002566714791561715
890.546777	3.624388005253848	0.0025245273935066244
892.108203	3.6235616180060424	0.0024828505302360547
893.669531	3.6227416271540847	0.0024416793032625375
895.230762	3.6219282776640433	0.0024010087628511803
896.791797	3.621121865861575	0.0023608365200917763
898.352832	3.620322535782287	0.002321152611099957
899.913672	3.6195305685486683	0.00228195720305318
901.474414	3.618745720229748	0.0022432437735020344
903.035059	3.617967659856757	0.002205008529919645
904.595605	3.617196057882843	0.002167247754905049
906.156055	3.616430582410353	0.002129957611303657
907.716406	3.6156709046205187	0.00209313440763181
909.27666	3.614916693367106	0.002056774334452458
910.836816	3.614167619090183	0.002020873654663235
912.396777	3.6134233960600532	0.0019854308064966865
913.956738	3.612683526355227	0.0019504379054107257
915.516602	3.6119475578828864	0.0019158940954595595
917.07627	3.6112150325782526	0.0018817984788760014
918.635938	3.6104853541297204	0.0018481437233990481
920.195508	3.6097580645714307	0.0018149289387269945
921.754883	3.60903270507379	0.0017821531047467246
923.314258	3.608308681244252	0.0017498090790764088
924.873437	3.607585580630214	0.0017178978842739268
926.432617	3.6068628828268423	0.001686412368446606
927.991699	3.6061410290229703	0.001655350581591049
929.550684	3.6054209275356386	0.001624707973386025
931.109473	3.604703540052514	0.0015944819139540808
932.668262	3.6039896922009373	0.0015646640672860106
934.226953	3.6032803447076884	0.0015352518126251677
935.785547	3.6025764123105257	0.0015062405991964145
937.344043	3.601878810309806	0.001477625915387275
938.902539	3.6011884100362646	0.0014494014696619104
940.46084	3.600506109086684	0.0014215663795810543
942.019141	3.5998315107335452	0.0013941139829160034
943.577246	3.599163698759702	0.0013670453128336057
945.135352	3.5985015779045755	0.0013403545392579085
946.693359	3.597844180718522	0.001314041003686086
948.25127	3.5971904958161307	0.0012881022494594682
949.809082	3.5965395147169055	0.0012625359214205392
951.366895	3.595890186404525	0.001237338008534236
952.924609	3.5952415435664826	0.001212507758995012
954.482227	3.594592597611687	0.0011880427098680535
956.039746	3.5939431569277014	0.0011639400421186703
957.597168	3.5932940369741138	0.0011401962850770442
959.15459	3.5926460786624235	0.0011168065180445815
960.711914	3.5920002039019163	0.0010937687713733924
962.269141	3.591357292993832	0.0010710795569734053
963.826367	3.5907181870623766	0.001048734036127951
965.383398	3.590083845822806	0.0010267315214192332
966.940527	3.589455030290774	0.0010050644342642348
968.497461	3.588832738898566	0.0009837334145761244
970.054395	3.5882176127515275	0.0009627323933739947
971.61123	3.58760935965926	0.0009420598033504647
973.168066	3.587007186061238	0.0009217116011827269
974.724707	3.5864104118125386	0.0009016876046083137
976.281445	3.585818169637866	0.0008819813436621286
977.838086	3.585229778593127	0.0008625925909884157
979.394629	3.584644483701191	0.0008435186168660035
