wavelength(nm)	 AOI		 alpha	 beta
350.397168	 65.000000	 -0.494786285073054	 -0.79836812756411
351.986475	 65.000000	 -0.490474019291085	 -0.8024053810473
353.575781	 65.000000	 -0.488087303560052	 -0.805573088460815
355.165088	 65.000000	 -0.486406736139694	 -0.807752654137559
356.75437	 65.000000	 -0.483666708258121	 -0.812204307120154
358.343628	 65.000000	 -0.478400934953327	 -0.817951160985644
359.932886	 65.000000	 -0.473417607835861	 -0.823655427654124
361.522144	 65.000000	 -0.471031650005766	 -0.828880256558707
363.111377	 65.000000	 -0.469066890898992	 -0.834881912606393
364.70061	 65.000000	 -0.465796931755302	 -0.842009420907254
366.289819	 65.000000	 -0.468349257251054	 -0.845638916065962
367.879028	 65.000000	 -0.470558273561023	 -0.848914113645714
369.468213	 65.000000	 -0.476751883634516	 -0.849889523289671
371.057397	 65.000000	 -0.481952310168968	 -0.85146578382223
372.646582	 65.000000	 -0.489750622686603	 -0.850079482956883
374.235718	 65.000000	 -0.497682162837682	 -0.848076608532358
375.824878	 65.000000	 -0.507467915286749	 -0.845337921444351
377.414014	 65.000000	 -0.516690814378517	 -0.841536928559749
379.003125	 65.000000	 -0.525024481601425	 -0.838020899006776
380.592236	 65.000000	 -0.53499700114214	 -0.833001841921422
382.181323	 65.000000	 -0.54496899465903	 -0.827678985595382
383.77041	 65.000000	 -0.551268466694296	 -0.824382641552228
385.359473	 65.000000	 -0.560361409294883	 -0.81937210023863
386.948535	 65.000000	 -0.568428443972769	 -0.814297796399065
388.537573	 65.000000	 -0.576666787623263	 -0.809093810235611
390.126587	 65.000000	 -0.585246742163528	 -0.803637447514799
391.715601	 65.000000	 -0.590766470447869	 -0.800000787136963
393.30459	 65.000000	 -0.595261936636118	 -0.796765733654284
394.893579	 65.000000	 -0.603341775968875	 -0.791115681943604
396.482544	 65.000000	 -0.607358300802719	 -0.7885053491402
398.071484	 65.000000	 -0.613568633600991	 -0.7837744003062
399.660425	 65.000000	 -0.61891731277094	 -0.779935364645011
401.249341	 65.000000	 -0.623454791483264	 -0.776356576871439
402.838232	 65.000000	 -0.6290257807957	 -0.772045614059855
404.4271	 65.000000	 -0.633235663507581	 -0.768758767013049
406.015967	 65.000000	 -0.636845587247514	 -0.76594832298864
407.60481	 65.000000	 -0.642276932009397	 -0.761635626080223
409.193652	 65.000000	 -0.646659108801613	 -0.758066084376762
410.782471	 65.000000	 -0.649666528032067	 -0.755474393551681
412.37124	 65.000000	 -0.653743951033228	 -0.751918799437746
413.96001	 65.000000	 -0.655123715336359	 -0.750989823355038
415.548779	 65.000000	 -0.657515794881175	 -0.749206928002225
417.1375	 65.000000	 -0.662694842026235	 -0.744556716530662
418.726221	 65.000000	 -0.666209534717287	 -0.741713479904932
420.314893	 65.000000	 -0.668807155723949	 -0.739349561134103
421.903564	 65.000000	 -0.671132567605499	 -0.737411177166932
423.492236	 65.000000	 -0.674197284286832	 -0.73470028829655
425.080859	 65.000000	 -0.677030949363277	 -0.732027973245095
426.669482	 65.000000	 -0.680063704883717	 -0.729398198320508
428.258057	 65.000000	 -0.68242021848192	 -0.727341904267801
429.846582	 65.000000	 -0.685417424426205	 -0.724865345055158
431.435156	 65.000000	 -0.688816375078245	 -0.721447366340799
433.023633	 65.000000	 -0.689350053212398	 -0.721110282300356
434.612158	 65.000000	 -0.690374191044881	 -0.720336738493924
436.200586	 65.000000	 -0.692946247698791	 -0.717950152906927
437.789063	 65.000000	 -0.696482096896066	 -0.714331512269753
439.377441	 65.000000	 -0.700350833886001	 -0.710750361749807
440.965869	 65.000000	 -0.703592358827877	 -0.707595609252307
442.554199	 65.000000	 -0.705765281656387	 -0.705503086743389
444.142529	 65.000000	 -0.707877835260983	 -0.703465688990894
445.730859	 65.000000	 -0.709265457789537	 -0.701990497586427
447.319141	 65.000000	 -0.710630898125194	 -0.700857307339557
448.907373	 65.000000	 -0.713084998826209	 -0.698350050861106
450.495605	 65.000000	 -0.714897225702694	 -0.696530129467117
452.083789	 65.000000	 -0.717356514879902	 -0.694158787731237
453.671973	 65.000000	 -0.719814523907885	 -0.691507904776646
455.260107	 65.000000	 -0.722284399698604	 -0.689034141006517
456.848193	 65.000000	 -0.722876007830168	 -0.688451764588552
458.436279	 65.000000	 -0.724969337686328	 -0.686216995415205
460.024316	 65.000000	 -0.727553053819111	 -0.683574670776484
461.612305	 65.000000	 -0.728326398757294	 -0.682902745655083
463.200293	 65.000000	 -0.730896154612716	 -0.680220594524893
464.788232	 65.000000	 -0.731402330429127	 -0.679655172870347
466.376172	 65.000000	 -0.731695568186439	 -0.679397342450278
467.964014	 65.000000	 -0.734932781793528	 -0.676039408921198
469.551855	 65.000000	 -0.736224042394882	 -0.674612414215409
471.139697	 65.000000	 -0.737667461470273	 -0.673053333629836
472.727441	 65.000000	 -0.740828200366661	 -0.669619635594388
474.315186	 65.000000	 -0.741607407698475	 -0.668708732904931
475.902881	 65.000000	 -0.742367817625758	 -0.66787535254903
477.490527	 65.000000	 -0.74233012315353	 -0.667935936088305
479.078174	 65.000000	 -0.746435864700948	 -0.663349250463364
480.665771	 65.000000	 -0.747512041774524	 -0.662191653578989
482.25332	 65.000000	 -0.748117304012299	 -0.661589385040754
483.84082	 65.000000	 -0.749191873467367	 -0.660309098904104
485.428271	 65.000000	 -0.751078280662284	 -0.658266206643468
487.015723	 65.000000	 -0.75183374944003	 -0.657467718706945
488.603125	 65.000000	 -0.753917072589146	 -0.655048686087437
490.19043	 65.000000	 -0.756156378823791	 -0.652505827477559
491.777734	 65.000000	 -0.755799089892102	 -0.652960646746604
493.36499	 65.000000	 -0.756454266859724	 -0.652217750717034
494.952246	 65.000000	 -0.758538385532136	 -0.649866150256325
496.539404	 65.000000	 -0.760209839268135	 -0.647906817670583
498.126514	 65.000000	 -0.761549854674997	 -0.64632979699174
499.713623	 65.000000	 -0.761544590314591	 -0.646302515732485
501.300684	 65.000000	 -0.762188841841994	 -0.645600293417392
502.887646	 65.000000	 -0.763435564501907	 -0.644107987532811
504.474609	 65.000000	 -0.76438332916268	 -0.643105440609882
506.061523	 65.000000	 -0.765159549745501	 -0.642136528818122
507.64834	 65.000000	 -0.765996723274447	 -0.641100619876422
509.235156	 65.000000	 -0.766810335058973	 -0.640203879617368
510.821924	 65.000000	 -0.767399417359082	 -0.639563352505698
512.408643	 65.000000	 -0.769387298180048	 -0.637154062651618
513.995264	 65.000000	 -0.769327583368626	 -0.637237189139749
515.581885	 65.000000	 -0.772143996146073	 -0.633817288495595
517.168457	 65.000000	 -0.773225016786533	 -0.63250220221428
518.754932	 65.000000	 -0.773292353127032	 -0.632556315626521
520.341406	 65.000000	 -0.772993304741499	 -0.632831168188235
521.927783	 65.000000	 -0.774416738966456	 -0.631073007332102
523.51416	 65.000000	 -0.775996159630925	 -0.629162169548973
525.100439	 65.000000	 -0.775795431515227	 -0.629500610026949
526.68667	 65.000000	 -0.776294397472923	 -0.628824400656579
528.272852	 65.000000	 -0.778131321746529	 -0.626691340495223
529.858984	 65.000000	 -0.777888675206754	 -0.62688185199247
531.445068	 65.000000	 -0.780430565524887	 -0.623722951891889
533.031055	 65.000000	 -0.781317164027096	 -0.622721665026958
534.616992	 65.000000	 -0.781833955351975	 -0.622048311210404
536.202881	 65.000000	 -0.783106009335811	 -0.620486410604966
537.788721	 65.000000	 -0.783372707847464	 -0.620169804253768
539.374512	 65.000000	 -0.784949369347766	 -0.618188161209377
540.960254	 65.000000	 -0.784686744555037	 -0.618480969246868
542.545898	 65.000000	 -0.784989751133093	 -0.617977838957376
544.131494	 65.000000	 -0.786574535998622	 -0.616020084145576
545.716992	 65.000000	 -0.786242523286708	 -0.616575220558274
547.30249	 65.000000	 -0.788085636766427	 -0.614169262235129
548.887891	 65.000000	 -0.787920361851928	 -0.614397235417617
550.473242	 65.000000	 -0.78768809404554	 -0.614770667959065
552.058496	 65.000000	 -0.788631967343711	 -0.61353238196839
553.643701	 65.000000	 -0.790603234442679	 -0.611034389251502
555.228857	 65.000000	 -0.791158620856264	 -0.610372298113289
556.813965	 65.000000	 -0.791619311114669	 -0.60965423341272
558.398975	 65.000000	 -0.792080283330615	 -0.609139126242019
559.983936	 65.000000	 -0.793148209710894	 -0.607752198635776
561.568799	 65.000000	 -0.792475756725099	 -0.608614949631527
563.153613	 65.000000	 -0.795011698644563	 -0.605358901871784
564.73833	 65.000000	 -0.795158883824283	 -0.605196594437004
566.322998	 65.000000	 -0.794899572295367	 -0.605424257272885
567.907617	 65.000000	 -0.795401384782152	 -0.604799202895435
569.492139	 65.000000	 -0.795056161984445	 -0.605320863532054
571.076611	 65.000000	 -0.796820449082306	 -0.602975370194232
572.660986	 65.000000	 -0.797201371597293	 -0.602494737098048
574.245313	 65.000000	 -0.797481964716178	 -0.602214317185218
575.829541	 65.000000	 -0.797108592918091	 -0.602617035214895
577.413672	 65.000000	 -0.797173636443003	 -0.602522467344615
578.997803	 65.000000	 -0.797421866476863	 -0.602272108307965
580.581787	 65.000000	 -0.800996518445391	 -0.597525823859717
582.165723	 65.000000	 -0.800918069451391	 -0.5976620678604
583.749609	 65.000000	 -0.800789683211917	 -0.597863509511127
585.333398	 65.000000	 -0.801965987403547	 -0.596309349346449
586.91709	 65.000000	 -0.802019318852471	 -0.596262267245823
588.500684	 65.000000	 -0.802399770984601	 -0.595693365238835
590.084229	 65.000000	 -0.80291747418073	 -0.594981357166887
591.667725	 65.000000	 -0.805563779148281	 -0.591369605679011
593.251123	 65.000000	 -0.805600267647281	 -0.591390549631054
594.834424	 65.000000	 -0.803018188591865	 -0.594945679948826
596.417627	 65.000000	 -0.805112529081117	 -0.592112168119549
598.000781	 65.000000	 -0.803214987700808	 -0.594672520985546
599.583838	 65.000000	 -0.807619151751695	 -0.58864785563143
601.166797	 65.000000	 -0.807332208434016	 -0.588911262589562
602.749707	 65.000000	 -0.806658953850937	 -0.589906989898757
604.33252	 65.000000	 -0.809190323557751	 -0.58645045078725
605.915234	 65.000000	 -0.807199630024179	 -0.589254463607382
607.497852	 65.000000	 -0.806894513648618	 -0.58974479484417
609.08042	 65.000000	 -0.808373418469469	 -0.587626236062524
610.662891	 65.000000	 -0.807903471352449	 -0.588342599961687
612.245264	 65.000000	 -0.809597194159708	 -0.586066247410882
613.827539	 65.000000	 -0.810974163762826	 -0.58411897013594
615.409717	 65.000000	 -0.80921285509305	 -0.586588308909389
616.991846	 65.000000	 -0.809886138675347	 -0.585581298162206
618.573877	 65.000000	 -0.811251153951807	 -0.583657972693469
620.155762	 65.000000	 -0.811433495037372	 -0.583603842336462
621.737598	 65.000000	 -0.81026081741583	 -0.585162021551506
623.319385	 65.000000	 -0.812914545471417	 -0.581375452220259
624.901025	 65.000000	 -0.81214726976145	 -0.582548263362326
626.482568	 65.000000	 -0.812431912013629	 -0.582165307906743
628.064063	 65.000000	 -0.812726718347764	 -0.581753920480859
629.64541	 65.000000	 -0.812613934950207	 -0.581896147881314
631.226709	 65.000000	 -0.812321922467329	 -0.582284247337521
632.807861	 65.000000	 -0.814626477472464	 -0.579059008053878
634.388965	 65.000000	 -0.815357157260974	 -0.578044607992416
635.969971	 65.000000	 -0.814813369888947	 -0.578905024835009
637.55083	 65.000000	 -0.814317983743141	 -0.579624628413946
639.131641	 65.000000	 -0.815085469054968	 -0.578353189285231
640.712354	 65.000000	 -0.814833131293172	 -0.578782734480506
642.29292	 65.000000	 -0.814813717265556	 -0.578877552508395
643.873438	 65.000000	 -0.819224289790689	 -0.572599570911502
645.453857	 65.000000	 -0.818860180776887	 -0.573133836055316
647.034131	 65.000000	 -0.816796151131127	 -0.576057065836099
648.614355	 65.000000	 -0.817419778217241	 -0.5751958873581
650.194434	 65.000000	 -0.815371187940264	 -0.578111204227678
651.774414	 65.000000	 -0.818987343182977	 -0.572895863467129
653.354346	 65.000000	 -0.819034980520034	 -0.572895788128251
654.934131	 65.000000	 -0.818067070665442	 -0.574269669898478
656.513818	 65.000000	 -0.817544710929254	 -0.575104768151259
658.093408	 65.000000	 -0.819981548978739	 -0.571546252308818
659.6729	 65.000000	 -0.81928048871643	 -0.572682097029485
661.252246	 65.000000	 -0.82077590527976	 -0.570508989142006
662.831543	 65.000000	 -0.820093688513662	 -0.571370488202439
664.410693	 65.000000	 -0.819057364680453	 -0.57293518201004
665.989746	 65.000000	 -0.819160178284954	 -0.572735221047273
667.568701	 65.000000	 -0.821152218528579	 -0.569913439251764
669.147559	 65.000000	 -0.824243225272009	 -0.56551891490381
670.72627	 65.000000	 -0.822403425663101	 -0.568066744889472
672.304883	 65.000000	 -0.822324406050466	 -0.568220305118939
673.883447	 65.000000	 -0.821168746994852	 -0.569921326169382
675.461816	 65.000000	 -0.82028630598186	 -0.571250232472775
677.040137	 65.000000	 -0.824165179611764	 -0.565636634895365
678.618311	 65.000000	 -0.822665826587402	 -0.567841790720213
680.196387	 65.000000	 -0.821659575033611	 -0.569304976410444
681.774365	 65.000000	 -0.825095051465289	 -0.564270779170934
683.352246	 65.000000	 -0.825243270661279	 -0.564023519554224
684.92998	 65.000000	 -0.82594534407552	 -0.562993391158795
686.507617	 65.000000	 -0.823390096352271	 -0.56681278229996
688.085107	 65.000000	 -0.824878506523237	 -0.56465437574592
689.662549	 65.000000	 -0.82722083972068	 -0.56119946176222
691.239795	 65.000000	 -0.825862798089726	 -0.563205751778055
692.816992	 65.000000	 -0.827804574882859	 -0.560437114879776
694.394043	 65.000000	 -0.825657839381548	 -0.563368060667827
695.970996	 65.000000	 -0.825357188933582	 -0.563856403499498
697.547852	 65.000000	 -0.826266500448727	 -0.562550461225217
699.124561	 65.000000	 -0.826818666013813	 -0.561768352965834
700.701172	 65.000000	 -0.826169506494853	 -0.562854126230117
702.277637	 65.000000	 -0.829318781442321	 -0.558150260089486
703.854004	 65.000000	 -0.827659845944524	 -0.560521686983193
705.430225	 65.000000	 -0.828107079826702	 -0.559959047838571
707.006396	 65.000000	 -0.827315211509745	 -0.561158503580019
708.582373	 65.000000	 -0.828417473478067	 -0.559479981985551
710.158301	 65.000000	 -0.83106272894997	 -0.55551457660368
711.734033	 65.000000	 -0.828192090277446	 -0.559832982494731
713.309717	 65.000000	 -0.826978313567286	 -0.561680872501304
714.885254	 65.000000	 -0.830734833587256	 -0.556002734713148
716.460645	 65.000000	 -0.829007973130682	 -0.558508034113851
718.035938	 65.000000	 -0.827770807232327	 -0.560466373154735
719.611133	 65.000000	 -0.830873124953858	 -0.555865648489368
721.186182	 65.000000	 -0.826827616127003	 -0.561817962164579
722.761084	 65.000000	 -0.826910815944554	 -0.561737859787485
724.335937	 65.000000	 -0.830645836063746	 -0.556002863169569
725.910596	 65.000000	 -0.833670859908922	 -0.551632924919848
727.485156	 65.000000	 -0.829779701357736	 -0.557608698330695
729.059619	 65.000000	 -0.830565345643556	 -0.556456831673928
730.633936	 65.000000	 -0.831312485398855	 -0.555251924723677
732.208105	 65.000000	 -0.832771858440768	 -0.552959506170507
733.782178	 65.000000	 -0.83236762263498	 -0.553644903474039
735.356152	 65.000000	 -0.831762341272298	 -0.554511433075441
736.92998	 65.000000	 -0.829861363911867	 -0.557393139234437
738.503662	 65.000000	 -0.829753244526899	 -0.557665198631522
740.077246	 65.000000	 -0.832991437081689	 -0.552720678540725
741.650684	 65.000000	 -0.833750750310895	 -0.551505650000069
743.224023	 65.000000	 -0.831499091624504	 -0.554961218630594
744.797217	 65.000000	 -0.833090147612563	 -0.552594321784281
746.370264	 65.000000	 -0.833109002726275	 -0.552515005158678
747.943213	 65.000000	 -0.835732426415118	 -0.548488876551504
749.516016	 65.000000	 -0.83479583785537	 -0.550026842633778
751.088721	 65.000000	 -0.834283212824808	 -0.550835353849023
752.661279	 65.000000	 -0.836635045535669	 -0.54723589423848
754.23374	 65.000000	 -0.833061899957044	 -0.552628956428186
755.806055	 65.000000	 -0.835790115059367	 -0.548488323560455
757.378223	 65.000000	 -0.835297307895775	 -0.549178233808179
758.950293	 65.000000	 -0.835370547188511	 -0.549158086050037
760.522217	 65.000000	 -0.832224719383242	 -0.553974333361766
762.093994	 65.000000	 -0.834623661772591	 -0.550326855771364
763.665674	 65.000000	 -0.835979311435771	 -0.548218186160367
765.237256	 65.000000	 -0.836912980260822	 -0.546785179510529
766.808643	 65.000000	 -0.837090149443075	 -0.546473458748125
768.379932	 65.000000	 -0.835177260031383	 -0.549541420756876
769.951123	 65.000000	 -0.836401456107565	 -0.547718375201685
771.522119	 65.000000	 -0.834726258624644	 -0.550255747246941
773.093018	 65.000000	 -0.836851097931108	 -0.546815535852111
774.663818	 65.000000	 -0.83809847925617	 -0.544886672807438
776.234473	 65.000000	 -0.839144623199203	 -0.543360932323848
777.80498	 65.000000	 -0.839718853226252	 -0.542544923016625
779.375342	 65.000000	 -0.839974512325585	 -0.542250168575129
780.945605	 65.000000	 -0.835746502125253	 -0.548641955948318
782.515723	 65.000000	 -0.836169503996315	 -0.547918012902215
784.085742	 65.000000	 -0.83581683588643	 -0.548461539886521
785.655615	 65.000000	 -0.83977358586928	 -0.54251233008892
787.225342	 65.000000	 -0.841688702093092	 -0.539486096019052
788.794971	 65.000000	 -0.839537494929011	 -0.542772410213702
790.364453	 65.000000	 -0.837379886593266	 -0.546104793400424
791.933789	 65.000000	 -0.833169943785961	 -0.552564045645659
793.503027	 65.000000	 -0.83771989464806	 -0.545707256195336
795.07207	 65.000000	 -0.840052683520593	 -0.542099392768178
796.641064	 65.000000	 -0.836452907718999	 -0.54751357880909
798.209863	 65.000000	 -0.838398320422572	 -0.544538616057243
799.778564	 65.000000	 -0.839699004208795	 -0.542589180089618
801.347168	 65.000000	 -0.842875749596767	 -0.537661949655588
802.915625	 65.000000	 -0.841573750184264	 -0.539581337615834
804.483936	 65.000000	 -0.835222845564347	 -0.549490673181617
806.0521	 65.000000	 -0.84129126044324	 -0.54020588923839
807.620166	 65.000000	 -0.842936219781645	 -0.537494680124533
809.188086	 65.000000	 -0.840980227351468	 -0.540507258167026
810.755859	 65.000000	 -0.837841203343985	 -0.545556711527261
812.323535	 65.000000	 -0.83583931493934	 -0.548581988921185
813.891064	 65.000000	 -0.843200508477337	 -0.537176309893699
815.458496	 65.000000	 -0.842230442935767	 -0.53867865024902
817.025781	 65.000000	 -0.840810298421534	 -0.540901364329555
818.59292	 65.000000	 -0.839274386303338	 -0.543238101465067
820.159961	 65.000000	 -0.843474142731357	 -0.53668200989223
821.726855	 65.000000	 -0.84612027851709	 -0.532497068241915
823.293555	 65.000000	 -0.841032277616597	 -0.540669946916899
824.860254	 65.000000	 -0.839495062023723	 -0.543026969758921
826.426758	 65.000000	 -0.842602390522686	 -0.538141000473725
827.993066	 65.000000	 -0.841238133029127	 -0.540261808847231
829.559375	 65.000000	 -0.843330769622779	 -0.537019946739211
831.125488	 65.000000	 -0.842109638721131	 -0.538834777446457
832.691504	 65.000000	 -0.844954638652099	 -0.534419025430374
834.257324	 65.000000	 -0.838598907890326	 -0.544295243948543
835.823145	 65.000000	 -0.842524755229698	 -0.53818131075648
837.38877	 65.000000	 -0.84623207656306	 -0.532459643010739
838.954199	 65.000000	 -0.840817254307003	 -0.540946503335576
840.519531	 65.000000	 -0.839877857937661	 -0.542277009733338
842.084863	 65.000000	 -0.843156050897274	 -0.537307423081552
843.649902	 65.000000	 -0.844855132509411	 -0.534551924521766
845.214941	 65.000000	 -0.84388675596038	 -0.536113911063018
846.779785	 65.000000	 -0.843054191958394	 -0.537451013331172
848.344531	 65.000000	 -0.842309831177628	 -0.538621704882256
849.90918	 65.000000	 -0.839856861444372	 -0.542494651838936
851.473633	 65.000000	 -0.844966033337788	 -0.534529173730559
853.037988	 65.000000	 -0.841996838012642	 -0.53900045652349
854.602246	 65.000000	 -0.842188229091099	 -0.53882554900266
856.166406	 65.000000	 -0.847018503756069	 -0.53112118286784
857.730371	 65.000000	 -0.841471674597291	 -0.539960106088158
859.294238	 65.000000	 -0.845161606023164	 -0.534148735543766
860.858008	 65.000000	 -0.841456385849994	 -0.539895525000568
862.421582	 65.000000	 -0.846152391891705	 -0.532531727290323
863.985156	 65.000000	 -0.843799871259357	 -0.536299391884631
865.548535	 65.000000	 -0.839916956491296	 -0.542357504461427
867.111816	 65.000000	 -0.84439397459533	 -0.535428443734721
868.675	 65.000000	 -0.850330257428037	 -0.525887950630473
870.237988	 65.000000	 -0.849545023747031	 -0.527077523705185
871.800879	 65.000000	 -0.846125175561663	 -0.532597005289632
873.363672	 65.000000	 -0.846785124881981	 -0.531508110215974
874.926367	 65.000000	 -0.845582980329661	 -0.533450831053188
876.488965	 65.000000	 -0.841536599299252	 -0.539840156745463
878.051367	 65.000000	 -0.843232434196439	 -0.537283381310186
879.613672	 65.000000	 -0.847449145892393	 -0.530471259795677
881.175879	 65.000000	 -0.84941671731398	 -0.527299358492025
882.737988	 65.000000	 -0.8476161809003	 -0.530266256074921
884.3	 65.000000	 -0.843585029665709	 -0.536566399522497
885.861914	 65.000000	 -0.842355187684924	 -0.538574593090737
887.423633	 65.000000	 -0.847040091551943	 -0.531337117036835
888.985254	 65.000000	 -0.850204397106862	 -0.526196346680403
890.546777	 65.000000	 -0.856369925530896	 -0.515919781042393
892.108203	 65.000000	 -0.852153814990379	 -0.522987658124946
893.669531	 65.000000	 -0.847122360093855	 -0.531077349635845
895.230762	 65.000000	 -0.843397276743519	 -0.537023420583294
896.791797	 65.000000	 -0.842588012281311	 -0.538299589246707
898.352832	 65.000000	 -0.847913928690131	 -0.529870616493908
899.913672	 65.000000	 -0.848498633946573	 -0.528894747633892
901.474414	 65.000000	 -0.844834650702922	 -0.534726397901716
903.035059	 65.000000	 -0.848091930529738	 -0.529387451590429
904.595605	 65.000000	 -0.849802907192047	 -0.526616362234497
906.156055	 65.000000	 -0.854462866652314	 -0.519157560145618
907.716406	 65.000000	 -0.84859102075966	 -0.528748448536145
909.27666	 65.000000	 -0.848568846761204	 -0.528862896306895
910.836816	 65.000000	 -0.852428238724408	 -0.522549911217781
912.396777	 65.000000	 -0.851344994356511	 -0.524148305388891
913.956738	 65.000000	 -0.849086719141675	 -0.527726128664031
915.516602	 65.000000	 -0.84379540495943	 -0.536273034333811
917.07627	 65.000000	 -0.846978297186432	 -0.531378901466339
918.635938	 65.000000	 -0.848019658039021	 -0.529784931712774
920.195508	 65.000000	 -0.850270373392368	 -0.526143075118114
921.754883	 65.000000	 -0.847612824772035	 -0.530328171366489
923.314258	 65.000000	 -0.844081951435487	 -0.536001841764336
924.873437	 65.000000	 -0.84733199111844	 -0.530718598185563
926.432617	 65.000000	 -0.848378642214501	 -0.529099172640725
927.991699	 65.000000	 -0.850529785530744	 -0.525540492274933
929.550684	 65.000000	 -0.846117546077116	 -0.53257810306648
931.109473	 65.000000	 -0.845745194220557	 -0.533336872967984
932.668262	 65.000000	 -0.847881066670998	 -0.529913919588867
934.226953	 65.000000	 -0.853022701802354	 -0.521580803876149
935.785547	 65.000000	 -0.852285901988747	 -0.522784945042704
937.344043	 65.000000	 -0.850072614858971	 -0.526334666356587
938.902539	 65.000000	 -0.848034053818056	 -0.529609203812744
940.46084	 65.000000	 -0.851478286172353	 -0.524135940372481
942.019141	 65.000000	 -0.850061481570688	 -0.526315756655428
943.577246	 65.000000	 -0.851115507353902	 -0.524648734401818
945.135352	 65.000000	 -0.846533047022361	 -0.532071009374302
946.693359	 65.000000	 -0.85237063964538	 -0.522512335215191
948.25127	 65.000000	 -0.848805832299905	 -0.528270555332657
949.809082	 65.000000	 -0.849620666742812	 -0.527201932431887
951.366895	 65.000000	 -0.847844106244241	 -0.529902074057192
952.924609	 65.000000	 -0.850918052634353	 -0.524973945835347
954.482227	 65.000000	 -0.85150785644026	 -0.524074248439967
956.039746	 65.000000	 -0.853567069147347	 -0.520735097816111
957.597168	 65.000000	 -0.851002923083776	 -0.524877485591018
959.15459	 65.000000	 -0.847159683855477	 -0.530997863179108
960.711914	 65.000000	 -0.846427376482597	 -0.532056146820534
962.269141	 65.000000	 -0.848583236253269	 -0.528711333709781
963.826367	 65.000000	 -0.854630836259144	 -0.519066189093047
965.383398	 65.000000	 -0.855745305556729	 -0.517042548451437
966.940527	 65.000000	 -0.853938743382707	